0.9037191828592592	0.29575636119505283	-0.3095477561618784	-0.1782181732618913	0.9172892566934118	0.3561161359360791	0.3892684436881401	-0.26666194773066315	0.8816810559273134
0.9043102275521527	0.28128604189383805	-0.32109371681842463	-0.16857649769785965	0.9263771754517293	0.33675999350576197	0.3921797760829796	-0.2504066521436189	0.8851505701256303
0.9046064943161772	0.2568716914409229	-0.34015294292020387	-0.15345869168587892	0.9407702407748705	0.3023272796464966	0.39766508570284936	-0.22128779498352782	0.8904460631640043
0.9043645387565711	0.23634116123144625	-0.35534157728499216	-0.14217504407351952	0.9519365748840698	0.27129875458740643	0.40238170669441137	-0.19483226864602438	0.8944994964850097
0.9038481273183759	0.21578112868695717	-0.36945509503273644	-0.13196204444154308	0.9620048236144836	0.23902455557802726	0.40699457191696536	-0.1672878472724425	0.8979811771886306
0.9032152986984882	0.19615331795705274	-0.3817407497915827	-0.12353180785773189	0.9706249367051696	0.20646337373366175	0.4110255668987039	-0.13932375282242657	0.9009144661148882
0.9026391943295734	0.17710504825764548	-0.39227068045128693	-0.11658886175069197	0.9779519480132702	0.17325421984104106	0.4143060730616155	-0.11065165727953111	0.903386234434395
0.9022966395886395	0.1586680577570814	-0.4008556119535378	-0.1110938555590855	0.9839819582535186	0.13941901265103038	0.4165560339787037	-0.08126471115537554	0.9054706606383032
0.9023564314835846	0.14080469114632738	-0.4073412690992625	-0.10690645495487447	0.9887152125345361	0.10494397739636499	0.41752111377652734	-0.0511494619128562	0.9072264613076677
0.9029777451244848	0.12353575490233021	-0.4115459987299258	-0.10388060811578277	0.9921313381177517	0.06988724620540039	0.4169412561349568	-0.020354979375830275	0.9087054879042021
0.9043014889789494	0.1069080400703337	-0.41329104514709053	-0.1018379117393315	0.9942077768577774	0.03435019895268179	0.4145694836369732	0.011025760918712161	0.9099508645158466
0.9064439436227811	0.09100235862456615	-0.41240507731397535	-0.10057629801275968	0.9949281905972445	-0.001517838246128851	0.4101753105047018	0.04285401124350811	0.9109993130473333
0.9094896955639981	0.07592778611130274	-0.40873397822929075	-0.09987172469282474	0.9942924558804098	-0.037525335257434164	0.4035518953861902	0.0749498730855395	0.9118817819512981
0.9134855508212325	0.06181691099993308	-0.402147756372278	-0.09948413792030379	0.9923250795805754	-0.07344278547044539	0.394521298212257	0.10709624619859576	0.9126244240141095
0.9184355542221645	0.048818366617221096	-0.392546684894235	-0.09916453850210877	0.9890821891884747	-0.10900833607480874	0.3829393255390349	0.13904384240577236	0.9132492993946111
0.9242976686157961	0.037088059650583656	-0.379866154879266	-0.09866363401797695	0.9846565690748622	-0.143933763586199	0.3686994807614604	0.17051661739864496	0.9137750139269255
0.9309824511879007	0.026779257457935846	-0.36408041275269154	-0.09774145714359153	0.9791804412365062	-0.17791085142657553	0.3517360987098368	0.2012176306139279	0.9142172509827745
0.9383539923724962	0.018032140180334718	-0.34520519538256444	-0.09617749962164707	0.9728257645552997	-0.21061794886458574	0.33202661574808406	0.23083516573068744	0.9145892262086629
0.9462332432376681	0.010963379333597683	-0.3232993252475338	-0.09378078555319587	0.9658019567329474	-0.24172659065943652	0.3095929806260931	0.2590490005469948	0.914902072170926
0.954403717273902	0.005656349866552691	-0.29846532488707045	-0.09039930046060912	0.9583510810246563	-0.27090805077573005	0.2845022160370459	0.2855367072813233	0.9151651642544908
0.9626194067957228	0.002152559981687342	-0.2708491169374119	-0.08592819977663461	0.9507406812746996	-0.2978397244365967	0.2568661560879466	0.3099798758868812	0.9153863962293499
0.970614615473629	0.000444834241315044	-0.24063887955082663	-0.08031626920729626	0.943254584364448	-0.32221124433525616	0.22684039571822429	0.3320701600534905	0.9155724131233144
0.9781152848128569	0.0004727022602297065	-0.20806313024665632	-0.07357018968412457	0.9361821098917247	-0.34373024933589974	0.19462249819922117	0.35151505468649713	0.9157288078483948
0.9848512914194557	0.0021203351607805166	-0.17338811368786491	-0.06575626827470271	0.9298062253390934	-0.36212773506492374	0.1604495153374274	0.3680433228567966	0.9158602871227206
0.9905691196107439	0.0052172405769629025	-0.13691457071604227	-0.056999426482753246	0.9243912550455066	-0.37716292630112724	0.12459488213499482	0.3814099998638662	0.9159708114070081
0.9950442744931984	0.009541782076081435	-0.09897396724956654	-0.04747938134885872	0.9201707888118211	-0.3886276209485894	0.08736475344803159	0.39140091186945825	0.91606371287303
0.9980927962084825	0.01482743856128338	-0.05992426238547755	-0.037424104364307584	0.9173364387413167	-0.3963499647658981	0.049093854699561026	0.3978366564597971	0.9161417948154251
0.999581266771301	0.02077157188675141	-0.02014529526305488	-0.02710079003500629	0.9160280607784848	-0.40019762498781514	0.010140922017284568	0.40057600236130325	0.9162074153994149
0.999434764972745	0.027046334591540145	0.01996613004658878	-0.01680470189601305	0.9163259921507516	-0.4000803395608524	-0.029116190651611203	0.3995186752757665	0.9162625581937938
0.9976423186021334	0.03331123163410473	0.06000138316053912	-0.0068463815498007825	0.9182457611088998	-0.3959518269502133	-0.06828565877132152	0.39460750633072894	0.9163088915609251
0.9942595216273343	0.03922675647903794	0.09954529235236312	0.002462200336797966	0.9217356060996551	-0.3878110493753408	-0.10696700997449946	0.38582992888607764	0.9163478186545108
0.9894081206415261	0.04446845765083053	0.13818150050842545	0.010821908011840657	0.9266770040932472	-0.3757028298958466	-0.1447565442927778	0.37321881833439285	0.9163805195034934
0.9832725226642919	0.04874076013086562	0.17549781900429706	0.017960444850704065	0.9328882593794636	-0.35971783099078947	-0.18125277541092832	0.3568526780252864	0.9164079864296341
0.9760933276537417	0.051789868225897685	0.2110915092062874	0.02364542533772267	0.9401310523442639	-0.3399919091370639	-0.21606181886312575	0.33685518248530993	0.9164310538509408
0.9681581361600619	0.053415112531442065	0.24457442454257033	0.027695878351031343	0.9481197002149527	-0.3167048663766839	-0.24880265615431227	0.31339409665397605	0.9164504233579668
0.9597900180658037	0.05347817142140836	0.27557794977586025	0.029991613077981965	0.9565327458666167	-0.2900786259445013	-0.2791122074833429	0.2866795968782776	0.9164666848104647
0.9513341456224892	0.05190969363699951	0.30375767822269395	0.030479975003933547	0.965026373197011	-0.2603748646816414	-0.3066501500023903	0.2569620258729613	0.91648033408403
0.9431431872952178	0.04871296819918968	0.32879777217590933	0.029179639034359935	0.9732490540040163	-0.22789214015869594	-0.3311034233052278	0.22452911973619577	0.9164917879970599
0.9355621237889221	0.04396442512009691	0.3504149566662663	0.026181224022242478	0.9808567662093066	-0.19296255515026503	-0.3521903690339348	0.18970275038934292	0.9165013968644343
0.9289131809953585	0.03781089854555973	0.36836210191096336	0.021644661088301688	0.9875280897136445	-0.15594800631265507	-0.36966445706810674	0.1528352314674098	0.9165094550537084
0.9234815749530937	0.03046373587770501	0.3824313553025248	0.015793399995538998	0.9929784856537872	-0.11723606759565572	-0.3833175566534012	0.1143052397096724	0.9165162098600229
0.9195027313224949	0.02218998484487806	0.39245678954893465	0.008905686216037382	0.9969730972842333	-0.07723556204563067	-0.3929827169781059	0.0745134072772616	0.9165218689657324
0.9171515779702183	0.013301028379702854	0.3983165395395759	0.0013032791802487487	0.999337474499339	-0.036371878211895615	-0.3985364280591154	0.03387764314891129	0.9165266067084777
0.9165344171176023	0.004139158059131792	0.39993440663371127	-0.006661896947375225	0.9999657160541892	0.004917910663536058	-0.39990033929462937	-0.0071717561861439055	0.9165305693457505
0.9176837675161896	-0.004937324878340606	0.3972809152984036	-0.014622580398480986	0.9988256394518719	0.046190065122794347	-0.3970424196226161	-0.048197145108437096	0.9165338794739746
0.9205564327325412	-0.013569820832526407	0.39037381330887594	-0.022211816213163774	0.995960722776858	0.0869992753206126	-0.38997754983492655	-0.08875865393510791	0.9165366397348093
0.9250349051314912	-0.021415254684340454	0.3792780130131163	-0.029078716675239858	0.991488709188908	0.1269037737320405	-0.3787675441809845	-0.12841933817660267	0.9165389359200125
0.9309320633426115	-0.02816130099003919	0.3641049773996727	-0.03490362812368956	0.9855969165471536	0.16547040471499644	-0.3635206048967114	-0.16675029001261119	0.9165408395681226
0.9379989708873367	-0.033540326505129475	0.3450115608385124	-0.03941201869054854	0.9785344446996838	0.20227959194890752	-0.3443902196593759	-0.20333565116380847	0.9165424101310082
0.9459354421309402	-0.037341420614180124	0.32219832033556217	-0.04238645713838526	0.9706016144521522	0.2369301464021226	-0.3215735181444493	-0.23777746808600322	0.916543696775452
0.9544029152781632	-0.03941996867916781	0.29590731889880284	-0.0436761374291619	0.9621370986443332	0.2690438596800415	-0.29530910979482716	-0.26970033274283955	0.9165447398739403
0.9630390665159864	-0.039704332699680475	0.26641944810559826	-0.043203513056796226	0.9535033113534338	0.2982698303509557	-0.2658744305561738	-0.29875575509588054	0.9165455722295108
0.9714735194162304	-0.03819933298845518	0.23405130213754344	-0.04096773450323143	0.9450707012119364	0.3242884741097823	-0.23358263163753254	-0.32462621685565574	0.9165462200714534
0.9793439529613288	-0.03498636790126512	0.1991516403627033	-0.03704472652844552	0.9372016455583705	0.34681517238886134	-0.19877904827851153	-0.34702885992919996	0.9165467038518703
0.9863118923308012	-0.030220159497792592	0.16209747995191598	-0.03158389285522784	0.9302346613488748	0.36560351822329845	-0.1618372910022388	-0.3657187673405239	0.9165470388670639
0.9920774797345387	-0.02412226450190902	0.12328986397456441	-0.02480158731185155	0.9244696355944437	0.38044812278507606	-0.12315500586813054	-0.380491799148386	0.9165472357224393
0.9963925674880455	-0.01697163521146655	0.083149353893041	-0.016971635785860906	0.9201547331668803	0.3911869509701729	-0.08314935377580118	-0.39118695099509293	0.9165473006549254
0.9990715501475167	-0.009092647506385299	0.042111298331485005	-0.008413325847073131	0.9174755651820726	0.39770315970837816	-0.042252261880634044	-0.39768820834312085	0.9165472357226385
0.9999994534741513	-0.0008411268310859265	0.0006209324054819488	0.0005226053706772563	0.9165471002067462	0.3999264182149403	-0.0009055026364895574	-0.3999258751422054	0.9165470388674639
0.9991369207083585	0.007411007153529571	-0.04087163625779359	0.009469364618306402	0.917408677813184	0.397833695162679	0.040444342140089504	-0.3978773615651387	0.9165467038524654
0.9965218755576551	0.015291794698440553	-0.08191649742239819	0.018060195045144146	0.9200223450729824	0.391449503667258	0.08135097350360578	-0.3915674215014728	0.9165462200722359
0.9922677901596191	0.022445275229440318	-0.12206900602373344	0.025944454418271673	0.9242745877128878	0.3808456009895735	0.12137346454924082	-0.3810678366486024	0.9165455722304637
0.9865586383465634	0.02854679917088221	-0.16089478972568586	0.032802966764479885	0.9299813755795845	0.36614014590939487	0.16008128708635416	-0.3664965502323342	0.9165447398750233
0.9796407629370638	0.03331693295454607	-0.1979746387055419	0.038361968356057534	0.9368962936501254	0.34749632275537445	0.197059216927137	-0.3480162595672232	0.9165436967765933
0.9718120237958092	0.03653334167030493	-0.23290922126934688	0.04240503280235697	0.9447213917955112	0.3251204470299931	0.23191206005493523	-0.32583248277351384	0.9165424101320808
0.963408714783295	0.03804012540482841	-0.2653235706430623	0.04478245160888618	0.9531202651105335	0.29925957338659204	0.2642691436916102	-0.3001911209459938	0.9165408395689147
0.9547908369485886	0.03775420052439076	-0.29487129060282824	0.04541766178762674	0.9617327773749117	0.27019863234384184	0.2937885186265084	-0.27137554286542104	0.9165389359202039
0.9463263878821132	0.03566845077370852	-0.32123843048022055	0.04431044573170232	0.9701907676283571	0.2382571275067271	0.3201608220832927	-0.2397032249013402	0.9165366397339756
0.9383753697200514	0.031851519023750934	-0.3441469834803685	0.041536774543016755	0.9781340372456776	0.2037854301515078	0.34311275386280826	-0.20552198402446412	0.916533879471636
0.9312742289098246	0.026444262168306823	-0.3633579661529195	0.03724531768508448	0.9852259042549086	0.16716071277556718	0.3624101224841126	-0.1692058467768546	0.9165305693415675
0.9253214189875886	0.01965304211700935	-0.3786740412258838	0.0316507923096824	0.9911676334700534	0.12878256756076487	0.37786042252260915	-0.1311506015881005	0.9165266067027816
0.9207647242454584	0.01174016815649509	-0.38994165081053106	0.025024467996625527	0.995711104347501	0.08906835959287401	0.38931490927868506	-0.09176908592078739	0.9165218689603603
0.9177908996923764	0.003011933603458813	-0.3970526321507339	0.01768227040583858	0.9986691609055809	0.048448368078177644	0.3966701422531729	-0.05148626333413731	0.9165162098581432
0.9165180749052663	-0.006195203123354055	-0.39994529354676106	0.009971034493605216	0.9999231958054707	0.007360771787106036	0.39986897459426873	-0.010734148705645243	0.9165094550567898
0.9169912411344219	-0.015529661005054414	-0.3986049338779208	0.0022535394574324944	0.9994276488755665	-0.033753462384939474	0.39890097172439565	0.03005335741852849	0.9165013968702981
0.9191809982139478	-0.024640318251129816	-0.3930637953804629	-0.005106990094200104	0.9972112431012916	-0.07445572700978109	0.3938022488186033	0.07044566238499246	0.91649178800279
0.9229855871710224	-0.0331919292855548	-0.38340044562424147	-0.011762211526981967	0.9933749316620881	-0.11431489634048797	0.3846547234268139	0.11002063886219125	0.9164803340878606
0.9282360830289847	-0.04087968520950586	-0.3697385907640441	-0.01739312731654747	0.9880866809098907	-0.1529123609477887	0.37158478613253226	0.14836968135588935	0.9164666848113965
0.9347044770662766	-0.04744227039965068	-0.3522453286157021	-0.02172303618583286	0.9815733593059246	-0.18984691201004858	0.3547613990432535	0.18510259663280945	0.9164504233556033
0.9421142456176679	-0.052672842988706926	-0.3311288568151974	-0.02452839964683336	0.9741101343680751	-0.22473941294791885	0.3343936390169789	0.21985226342454844	0.9164310538453432
0.9501528898293607	-0.05642746920357337	-0.30663565785504154	-0.025647153148376477	0.9660078921933889	-0.25723719745687923	0.3107277095533934	0.2522789982130211	0.9164079864210786
0.9584858430065569	-0.05863066560577798	-0.2790471892111336	-0.02498411496218399	0.9575992816993664	-0.2870181347727219	0.28404345223146255	0.2820745659209271	0.9163805194922866
0.9667710835779948	-0.059277843363635375	-0.24867611313430651	-0.022513286058531576	0.9492240441130573	-0.31379430528373137	0.25465039546067236	0.30896577701067324	0.916347818640888
0.9746737651813634	-0.058434598164383456	-0.21586210692141722	-0.01827698370995023	0.9412143144871422	-0.3373152324917527	0.22288338505517294	0.3327176159175616	0.9163088915450305
0.9818801823461965	-0.05623294096938686	-0.18096730054276117	-0.012381903137553654	0.9338805747284151	-0.35737062081208737	0.18909784766224294	0.3531358499145307	0.9162625581756838
0.9881104304787992	-0.052864711040449625	-0.14437139434670326	-0.004992347722616772	0.9274988970157418	-0.37379255275994994	0.15366474430791868	0.37006907241918136	0.9162074153790662
0.9931291904399188	-0.04857254621645267	-0.1064665151594733	0.0036789981427106204	0.9223000444480955	-0.3864571036786707	0.11696527719292475	0.3834101404046213	0.9161417947927555
0.9967541674527536	-0.04363889953545313	-0.06765187442268511	0.013382265350116019	0.9184608957836755	-0.39528533730755455	0.07938541830630616	0.3930969719593151	0.9160637128479384
0.9988618364227302	-0.03837368010627125	-0.028328297042217572	0.023842988430999218	0.9160985381579076	-0.4002436511521733	0.04131033334275804	0.3991126771477513	0.9159708113794157
0.9993902847739213	-0.033101154973324984	0.01110730565579844	0.03477544994305584	0.9152672319020483	-0.4013434467979005	0.0031187787285131088	0.40148500313933655	0.9158602870926604
0.9983390924226552	-0.028146774410508838	0.05026744106270738	0.04589611899665437	0.9159583021930613	-0.3986401069945782	-0.03482244680882975	0.4002850830769088	0.9157288078161342
0.9957663387045881	-0.02382457413904212	0.08877943663908018	0.05693653071961147	0.918102861040202	-0.3922312685386131	-0.07216391184292816	0.3956254873196216	0.9155724130895593
0.9917829699045887	-0.020425764732201993	0.12629065184065646	0.06765499632915607	0.9215771180720144	-0.3822543877024608	-0.10857873677168585	0.38765758548129303	0.9153863961955513
0.9865448906624485	-0.018209043159794727	0.16247341153254247	0.07784660828396739	0.9262099075487275	-0.3688836032372007	-0.1437674660223957	0.3765682380469476	0.9151651642232222
0.9802432507316909	-0.01739305806333927	0.19702956865956092	0.0873511076494019	0.9317919491688822	-0.35232591085027787	-0.1774625408005586	0.36257584723097686	0.9149020721461668
0.9730934792106706	-0.018151334638269588	0.22969460108701473	0.0960583055893303	0.9380862776785096	-0.3328166725970714	-0.20943228653906287	0.3459258080602388	0.9145892261955044
0.9653236667775249	-0.020609823974537665	0.2602411449308755	0.10391089059589477	0.9448392256515571	-0.31061449497042987	-0.23948433179388234	0.32688541237856694	0.914217250985417
0.9571629097702811	-0.02484709366837645	0.28848186441494644	0.11090459961237703	0.9517913279648603	-0.2859955205867872	-0.26746837933652434	0.3057382703344871	0.9137750139437876
0.9488302074481636	-0.030897029491600062	0.3142715561460688	0.11708587520781563	0.9586875360134799	-0.25924719115011363	-0.2932782556902169	0.2827783263636003	0.9132492994129832
0.9405244467125946	-0.0387537833394457	0.3375083842111877	0.12254726554856771	0.9652861836914997	-0.23066155137098582	-0.31685317237253	0.2583035575658615	0.9126244240136703
0.9324159214006122	-0.048378578388615215	0.35813414061178866	0.12742093299109405	0.971366229957953	-0.2005281853828885	-0.3381781414496315	0.2326094590732966	0.9118817819187426
0.9246397197394697	-0.05970791583528703	0.37613342508572756	0.131870741871714	0.9767324143099383	-0.1691268703502867	-0.3572834954462885	0.20598241580990634	0.9109993129848104
0.9172911884009879	-0.07266256933021628	0.39153164201662394	0.13608338375732265	0.9812180772142516	-0.13672014340661495	-0.3742434880489698	0.17869313351749028	0.9099508644353501
0.9104235322142092	-0.0871570966962737	0.4043916820189053	0.1402592675670885	0.9846855507922034	-0.10354566105152822	-0.38917390695182386	0.15099008761018215	0.9087054878184253
0.9040475206449924	-0.10310820669119572	0.41480932743679705	0.14460294050136788	0.9870241231471316	-0.06980952602614382	-0.402228877648038	0.12309377741609293	0.9072264612253313
0.8981329642652488	-0.12044562359603632	0.42290664484810325	0.14931629062544144	0.988145633371545	-0.03567705989297538	-0.41359620870358144	0.0951895950475165	0.9054706605631755
0.8926123913437115	-0.1391094300871764	0.4288259382085945	0.15458448065444114	0.9879787508181167	-0.0012752539627668754	-0.42349351489775716	0.06742814243840492	0.9033862343686945
0.8873830418904062	-0.1590916389171167	0.43271374763461684	0.16059348747870472	0.9864571933532623	0.03334572627836105	-0.4321586152615221	0.03990057779368636	0.9009144660548933
0.8823244032794741	-0.18030512017523534	0.43473406930687347	0.1674380534340138	0.9835285475165764	0.06808887194072952	-0.43985013997922934	0.01271455302111385	0.8979811771422191
0.8772450726877571	-0.20308636210831807	0.4349678286616831	0.17542984353162208	0.9790560408284319	0.10331330464090963	-0.4468394034141582	-0.014324749315918714	0.8944994964299946
0.8721638148389316	-0.22632614282965716	0.43371275881330956	0.18400424069589444	0.9732129201373924	0.1378370468472743	-0.4532909876575196	-0.04041149773888668	0.8904460631385658
0.8660811090636164	-0.2544405035862975	0.43030633583284156	0.19542203607957873	0.9646062938845235	0.17704498189125722	-0.4601236141925849	-0.0692439739841311	0.8851505700892017
0.8622901957790827	-0.2712692017134985	0.4276314282942644	0.20270533293154097	0.9587182437093107	0.1994238631158463	-0.4640756040392387	-0.08527807092480487	0.8816810559124877
0.8804022361443935	0.2879157829157051	-0.376824102918045	-0.18605875149609552	0.940606203423274	0.2839755466116188	0.43620413063572294	-0.1799012841246278	0.8816810559304561
0.8823425705716635	0.2719261978211338	-0.384093388507966	-0.17793634202870365	0.9483448323356924	0.2626418419971015	0.43567217760884597	-0.16339590545888186	0.8851505700934941
0.885138826288688	0.24504686907072365	-0.3955771608105294	-0.16528351372784345	0.960237908917514	0.22499892970300323	0.4349834689802148	-0.13377290546427884	0.8904460632051685
0.887270542932805	0.22259597163803696	-0.40398269400339826	-0.15592023335593613	0.9690305708098973	0.191490557642078	0.4340966073052813	-0.1069148551248226	0.8944994965228786
0.889315936198674	0.20033062846439462	-0.4110776142313465	-0.14741254425310482	0.97653701485602	0.15698726194478088	0.43288186312191623	-0.07901327682835027	0.8979811772331007
0.8913603188599984	0.17930510304758823	-0.4163249475864924	-0.14038002230091234	0.9824799166699082	0.12258328874314309	0.43101070903238253	-0.05082217391437731	0.9009144661609219
0.8935876839562822	0.15917287006170425	-0.4197202026564454	-0.13452103944763258	0.9870034585099506	0.08791053881830282	0.4282582644007893	-0.022094576839480014	0.9033862344793105
0.8961525874272258	0.13999934840439782	-0.42108279767028317	-0.12976256445414142	0.9901260105182019	0.05302980446498312	0.42434916862623084	0.007117987191165825	0.9054706606757463
0.8991956585731599	0.12177672239150054	-0.42025896479047814	-0.12593442343376685	0.991875985502162	0.017959687595239335	0.41903184675819766	0.03677579730879115	0.9072264613285463
0.902834377436819	0.10455510005085868	-0.41708310679243055	-0.12286126307297944	0.9922747057866338	-0.01720518213102335	0.41206212754193156	0.06677678720486993	0.9087054878981486
0.9071567888776637	0.08840478177864558	-0.4114014522967035	-0.12034117065368191	0.9913524768534507	-0.05232847487008333	0.4032177613137449	0.09697866360802043	0.9099508644789202
0.9122159119786428	0.0734213216978628	-0.4030774608597112	-0.11815733591904157	0.9891562220868209	-0.08722850609429998	0.3923021461851667	0.12719779018154168	0.9109993129917524
0.9180249259229375	0.059716622702403195	-0.39200020453719797	-0.11608288892321429	0.9857572253998621	-0.12168588854589865	0.3791503636862648	0.1572151950193842	0.911881781905742
0.9245538891651388	0.0474116999092674	-0.3780902494660878	-0.11388934916289367	0.9812567412133429	-0.15544910411649954	0.36363349980009724	0.18678152621467506	0.9126244240036798
0.9317282319990546	0.036627406373699406	-0.36130449042082396	-0.11135549815716833	0.9757895114818828	-0.1882412874799744	0.3456623420711086	0.21562296349017496	0.9132492994191841
0.9394293405055434	0.02747471492863073	-0.3416396555391519	-0.1082769777553866	0.9695248972952237	-0.21976708036656972	0.3251901140648026	0.24344735275676602	0.9137750139669187
0.9474973823466417	0.02004481487961583	-0.3191346359182964	-0.1044758987323928	0.9626655101798471	-0.24971964699285137	0.30221432300657153	0.2699505897504531	0.9142172510202717
0.9557364037036448	0.014399683996784438	-0.2938716994479347	-0.0998099550207016	0.9554433532986892	-0.27778763744292356	0.2767777077627278	0.2948230787067872	0.914589226236271
0.9639215822856676	0.010563693141486865	-0.2659766749004643	-0.09418047120952601	0.9481136177318877	-0.3036619941877861	0.2489683153468457	0.3177561584903807	0.9149020721884887
0.9718083826983986	0.008516787485049637	-0.23561819040145848	-0.08753886251933812	0.9409464156263057	-0.3270424903110111	0.2189187403260486	0.33844838195940885	0.9151651642644153
0.9791432331735178	0.008189708679036733	-0.20300605311729336	-0.0798910509140445	0.9342168549093702	-0.34764390975119197	0.18680457412589863	0.356611548712318	0.9153863962342041
0.9856752356611106	0.009461621997880861	-0.16838885804465492	-0.07129948139301005	0.9281939641811618	-0.3652017919051711	0.1528421203644517	0.3719764005509344	0.9155724131250728
0.9911683414125938	0.012160386574683409	-0.13205091434656152	-0.06188250538143101	0.9231290532915271	-0.3794776758872717	0.11728544031177031	0.384297900029967	0.915728807848389
0.9954133763229651	0.016065565614747465	-0.09430857775830076	-0.05181103787521936	0.9192441404327187	-0.39026379108803444	0.08042279895407647	0.393360023237734	0.9158602871217865
0.9982392873420178	0.020914124436130225	-0.055506077198537195	-0.041302542702736346	0.9167210873103006	-0.39738715133595964	0.04257258710941295	0.398980008872237	0.9159708114056481
0.9995230039087128	0.026408616109342177	-0.01601092291199743	-0.03061254740757172	0.9156920593920715	-0.40071301988770747	0.00407879866182496	0.4010120164801754	0.9160637128715337
0.9991973652426682	0.032227515665398686	0.02379101776187957	-0.020024027357396446	0.9162318697030034	-0.40014772180899455	-0.034693855659177264	0.3993501573488796	0.9161417948139499
0.997256652154257	0.03803724200998187	0.06350069255021129	-0.009835120009464503	0.9183526753917128	-0.3956407891197305	-0.07336511533748052	0.39393087188129544	0.9162074153980418
0.9937593758700899	0.043505308423391245	0.1027112019658785	-0.0003457281594887279	0.922001381249988	-0.3871864324135801	-0.11154453524189167	0.3847346372658715	0.9162625581925569
0.9888281099513647	0.048313973047766356	0.14101322270748506	0.008156359772496501	0.927059969756661	-0.37482434055173103	-0.14883696706555358	0.3717869988086164	0.9163088915598325
0.9826462975046304	0.05217372364179043	0.17800043977976618	0.015409167412924625	0.9333488302197446	-0.35863981748695284	-0.18484807697155126	0.35515892736743165	0.9163478186535581
0.9754521168105211	0.05483592793416952	0.21327491370874196	0.021189378213535816	0.9406330079219938	-0.3387632722987352	-0.21918982198267437	0.3349665138714939	0.9163805195026692
0.9675296363694519	0.05610401214545989	0.24645231296942433	0.02532369678853341	0.9486311456723597	-0.3153690851071306	-0.251485810986941	0.31137001988233903	0.9164079864289222
0.9591976276096549	0.055842593938830204	0.2771669458831488	0.027698150978446155	0.9570267523866742	-0.28867387766922964	-0.28137648021891354	0.284572310526511	0.9164310538503256
0.9507965232008997	0.053984088855330646	0.30507653075833485	0.028264854606804998	0.9654813131726642	-0.25893422313097875	-0.3085240176439067	0.2548167028764933	0.9164504233574315
0.9426741051227806	0.050532426431701596	0.3298666479198664	0.027045868023712845	0.9736486588083783	-0.22644383458926534	-0.3326169757450878	0.22238426895707197	0.916466684809994
0.9351705746498299	0.04556364779070218	0.35125482247097084	0.02413392909603569	0.9811899441685658	-0.19153027679423013	-0.35337451772233935	0.18759063799265605	0.9164803340836138
0.9286036929800837	0.03922330380679445	0.3689941921253367	0.01968997458270486	0.987788548318178	-0.1545512494689053	-0.37055024798896347	0.15078234727562523	0.9164917879966902
0.9232546846611418	0.03172072476493086	0.38287672020069813	0.013937523609524959	0.993164205336232	-0.1158904943232434	-0.38393558403316846	0.11233279511896466	0.9165013968641132
0.9193555661877465	0.023320381390334145	0.3927359198385331	0.007154143876585803	0.9970857045205078	-0.07595338087430191	-0.39336263313258707	0.07263785275359542	0.9165094550534351
0.9170785006792985	0.014330696088162629	0.3984490616646474	-0.0003396398500834118	0.9993815599269202	-0.03516222863823153	-0.39870654401023	0.032111194740522424	0.9165162098597899
0.9165276894083376	0.005090785593197232	0.3999388433871578	-0.008193513091953701	0.9999481391978001	0.006048574879212202	-0.3998873102400543	-0.008820590507531171	0.9165218689655328
0.9177341964856748	-0.004044283766754683	0.3971745061929404	-0.016042033023388524	0.9987548559833439	0.04723759970793028	-0.3968710089906649	-0.04972304715626454	0.9165266067082986
0.9206539696659232	-0.012719074004065158	0.3901723892010516	-0.023520129069252882	0.9958461635053526	0.08796148111666272	-0.3896704654794144	-0.09015899172101713	0.9165305693455651
0.9251691743115201	-0.020593489804730934	0.37899591961049267	-0.030278745385662154	0.9913402326560301	0.12778004811142715	-0.37834534024038263	-0.1296936825568264	0.9165338794737695
0.9310928058790265	-0.027357922163397295	0.36375504248769347	-0.03599991760754137	0.9854243496298819	0.1662614119053932	-0.36300164293370973	-0.16789995607928568	0.916536639734606
0.9381763959262918	-0.032747136639798696	0.34460510032303254	-0.040410598697540365	0.9783472183936632	0.2029869546899191	-0.3437906828866356	-0.20436326798932164	0.9165389359198362
0.9461204845392905	-0.036552275599806755	0.3217451784931893	-0.043294602804253984	0.970408495350081	0.23755616077132544	-0.32090747280666476	-0.23868657964130646	0.916540839567978
0.9545874047819313	-0.03863042692892629	0.29541593854595405	-0.044502119189682665	0.9619460108047356	0.26959123443554844	-0.2945886080949588	-0.2704950321394912	0.9165424101308844
0.9632158181105831	-0.03891132004784411	0.26589696672525953	-0.04395635665246001	0.9533212384721834	0.29874145173996847	-0.2651096498647329	-0.2994403537434399	0.9165436967753382
0.9716363585281443	-0.03740083861906081	0.23350367032823557	-0.0416570074550045	0.9449036553940531	0.3246871967799912	-0.23278204508952144	-0.32520494967565605	0.9165447398738339
0.9794876912601513	-0.034181182209438075	0.19858375928716507	-0.03768036265839628	0.9370546866090017	0.34714363680476235	-0.19794962222694254	-0.3475056274175574	0.9165455722294118
0.986432271257947	-0.0294076598341427	0.16151335475423434	-0.03217606144684231	0.9301119493699889	0.3658639948244819	-0.16098470514510632	-0.36609691501327746	0.9165462200713632
0.99217109877415	-0.023302249888234487	0.12269277039598361	-0.025360608619356274	0.9243744997453568	0.38064238301978015	-0.12228389218433927	-0.3807739347311834	0.9165467038517904
0.9964568130451057	-0.016144206585097583	0.08254201554195932	-0.017507940052054548	0.9200897406344217	0.39131616528635177	-0.08226355068391487	-0.39137479961415444	0.916547038866994
0.999104538745583	-0.008258126064160704	0.04149607224647795	-0.008937448988215444	0.9174425765832989	0.3977678225771694	-0.04135508026300439	-0.397782505932712	0.9165472357223781
0.9999999999999999	2.1733356799774237e-10	6.870090482815782e-10	-4.73949482033803e-10	0.9165473006548708	0.3999263002882793	-5.427588789501897e-10	-0.3999263002882793	0.9165473006548704
0.999104538798511	0.008258126504648187	-0.04149607088445267	0.00893744804731592	0.9174425765310646	0.3977678227187856	0.04135507918763815	-0.397782506044038	0.9165472357225836
0.9964568131475329	0.01614420704213735	-0.08254201421605699	0.01750793913227604	0.9200897405333786	0.391316165565084	0.08226354963897234	-0.39137479983284595	0.9165470388673983
0.9921710989192979	0.023302250369753183	-0.12269276913077484	0.025360607735257498	0.9243744996022557	0.38064238342620077	0.12228389119001198	-0.3807739350491125	0.9165467038523695
0.9864322714358582	0.02940766034311186	-0.16151335357497923	0.032176060613918187	0.9301119491947318	0.3658639953432789	0.16098470422143077	-0.36609691541765493	0.9165462200720795
0.9794876914579612	0.03418118274131594	-0.19858375821994742	0.03768036189386089	0.937054686414346	0.3471436374131879	0.1979496213936805	-0.34750562789013373	0.9165455722301988
0.9716363587304987	0.03740083915865889	-0.23350366939979003	0.04165700677893801	0.9449036551951429	0.3246871974455988	0.23278204436587854	-0.3252049501915458	0.9165447398745772
0.9632158183003365	0.03891132056562477	-0.2658969659621052	0.04395635608924001	0.9533212382858005	0.2987414524176113	0.2651096492686935	-0.2994403542695391	0.9165436967758622
0.954587404941383	0.038630427377333285	-0.29541593797207144	0.044502118769219896	0.9619460106479893	0.26959123506425303	0.2945886076417832	-0.27049503263288144	0.9165424101309291
0.9461204846524375	0.03655227591173336	-0.32174517812503156	0.04329460256163455	0.9704084952380949	0.2375561612730034	0.320907472505808	-0.23868658004883225	0.9165408395671882
0.9381763959827316	0.032747136734766195	-0.3446051001603542	0.04041059866770547	0.9783472183356969	0.2029869549752454	0.34379068273612484	-0.20436326825160916	0.9165389359178095
0.9310928058797595	0.027357921972573536	-0.36375504250016805	0.035999917808810934	0.9854243496238531	0.16626141189754623	0.36300164291186804	-0.16789995614576336	0.9165366397310778
0.9251691742745548	0.020593489327851947	-0.37899591972664176	0.030278745785886046	0.9913402326838903	0.1277800478004433	0.37834534029874517	-0.12969368241959028	0.9165338794690966
0.9206539696242603	0.012719073386936907	-0.3901723893194782	0.023520129544180687	0.9958461635367671	0.0879614806340095	0.389670465549184	-0.0901589914610849	0.9165305693414716
0.9177341964679222	0.004044283311401582	-0.39717450623859996	0.016042033361108054	0.9987548559954529	0.04723759933720646	0.39687100901806843	-0.04972304695006602	0.9165266067076189
0.9165276894121211	-0.005090785602580389	-0.3999388433783685	0.008193513106482513	0.9999481391976199	0.006048574889259923	0.39988731023108554	-0.008820590522501694	0.9165218689693013
0.9170785006767446	-0.014330695633362568	-0.3984490616868828	0.0003396395298496783	0.9993815599412829	-0.0351622282331246	0.39870654401637684	0.03211119449650703	0.9165162098656654
0.9193555661644592	-0.02332038073197309	-0.3927359199321391	-0.007154144363190312	0.997085704558807	-0.07595338032568141	0.3933626331781635	0.07263785243922614	0.916509455058789
0.9232546846330411	-0.03172072420584618	-0.3828767203147777	-0.013937524056352105	0.993164205377212	-0.11589049391830862	0.3839355840845212	0.11233279491451982	0.9165013968676586
0.9286036929747103	-0.03922330350821025	-0.36899419217059864	-0.019689974861878286	0.9877885483305541	-0.15455124935423611	0.3705502479875956	0.15078234727221712	0.9164917879978043
0.9351705746863584	-0.045563647769025814	-0.35125482237652794	-0.024133929168110854	0.9811899441315503	-0.19153027697477612	0.3533745176207455	0.18759063819153132	0.9164803340820796
0.9426741052064727	-0.050532426630034925	-0.32986664765030993	-0.027045867899790094	0.9736486587166687	-0.22644383499839088	0.3326169755179681	0.2223842693135274	0.9164666848059276
0.9507965233261669	-0.05398408919996506	-0.3050765303069432	-0.028264854315974166	0.9654813130325457	-0.25893422368518193	0.3085240172845054	0.2548167033343796	0.9164504233511105
0.9591976277647637	-0.05584259436564186	-0.2771669452603705	-0.02769815055133056	0.9570267522107276	-0.28867387829351976	0.2813764797322028	0.2845723110344722	0.9164310538420298
0.9675296365401563	-0.05610401260745438	-0.2464523121940964	-0.025323696251552487	0.9486311454755675	-0.3153690857421985	0.2514858103842697	0.31137002039864664	0.9164079864188842
0.9754521169823311	-0.05483592840091864	-0.2132749128029326	-0.021189377588088986	0.9406330077193783	-0.338763272900452	0.21918982127854053	0.33496651436405706	0.9163805194910444
0.982646297664103	-0.052173724096376335	-0.17800043876615998	-0.015409166716253243	0.9333488300250388	-0.3586398180236032	0.184848076181877	0.3551589278123355	0.9163478186404169
0.9888281100868399	-0.048313973483477476	-0.14101322160820962	-0.008156359018835239	0.927059969581594	-0.37482434100112766	0.14883696620679993	0.3717869991885296	0.9163088915451736
0.9937593759720963	-0.04350530884088824	-0.10271120080209062	0.00034572895795878284	0.9220013811038992	-0.3871864327607445	0.11154453433062542	0.3847346375687559	0.916262558176313
0.9972566522157388	-0.038037242415003766	-0.06350069134204814	0.009835120841942562	0.9183526752813402	-0.39564078935522934	0.0733651143901529	0.3939308720994927	0.9162074153800837
0.9991973652590835	-0.03222751606691479	-0.023791016528568062	0.020024028214041836	0.916231869632394	-0.40014772192780335	0.03469385469199276	0.39935015747847663	0.9161417947940853
0.999523003878053	-0.026408616518006578	0.016010924151970557	0.030612548279244055	0.9156920593625938	-0.4007130198884765	-0.00407879963300909	0.40101201652057344	0.916063712849525
0.9982392872647591	-0.020914124862897298	0.055506078427187404	0.041302543580767216	0.916721087320726	-0.39738715122065166	-0.04257258806914095	0.39898000882591267	0.915970811381219
0.9954133762019743	-0.016065566069533202	0.09430857895786524	0.051811038751128684	0.9192441404793813	-0.3902637908618395	-0.08042279988731726	0.3933600231101146	0.9158602870946503
0.9911683412530281	-0.012160387064923794	0.13205091549911008	0.06188250624643254	0.9231290533685542	-0.3794776755588344	-0.11728544120385154	0.38429789982942525	0.9157288078182922
0.985675235470347	-0.009461622526818838	0.1683888591315818	0.07129948223717557	0.9281939642807545	-0.3652017914872378	-0.1528421212008862	0.3719764002889661	0.9155724130918734
0.9791432329611874	-0.008189709243557176	0.20300605411863779	0.07989105172497932	0.9342168550221569	-0.3476439092617414	-0.18680457489202446	0.3566115484038835	0.9153863961980182
0.9718083824765738	-0.00851678807282923	0.23561819129513004	0.08753886328025778	0.9409464157417824	-0.32704248977509615	-0.2189187410064892	0.33844838162357327	0.9151651642258454
0.96392158206921	-0.010563693727413111	0.2659766756616536	0.09418047189685684	0.948113617839003	-0.3036619936401684	-0.24896831592489124	0.3177561581512932	0.9149020721489566
0.9557364035105071	-0.014399684539268657	0.2938717000494797	0.09980995560193766	0.9554433533868204	-0.2777876369309573	-0.27677770822004627	0.29482307839468025	0.914589226198485
0.9474973821973414	-0.020044815319331024	0.3191346363339474	0.10447589916654594	0.9626655102404703	-0.24971964657751114	-0.3022143233245714	0.26995058950161466	0.9142172509886272
0.939429340419884	-0.027474715196433113	0.3416396557531575	0.1082769780012751	0.9695248973246641	-0.21976708011554102	-0.32519011423038746	0.2434473526092944	0.9137750139472812
0.9317282319870455	-0.03662740642001831	0.3613044904470974	0.11135549819749034	0.975789511484765	-0.18824128744117888	-0.34566234209048957	0.21562296346926185	0.9132492994167861
0.9245538892114172	-0.04741169976199474	0.37809024937138946	0.11388934904491267	0.9812567412036213	-0.15544910426430775	-0.36363349971938363	0.18678152630313316	0.9126244240177368
0.918024925977059	-0.05971662251611984	0.39200020443882777	0.11608288878306805	0.9857572253931813	-0.12168588873371551	-0.3791503635981288	0.15721519513203416	0.9118817819229657
0.9122159119770534	-0.07342132170001106	0.40307746086291596	0.11815733592694534	0.9891562220848351	-0.08722850610611788	-0.39230214618648096	0.1271977901957481	0.910999312989203
0.9071567887899833	-0.08840478210813117	0.4114014524192402	0.1203411708996938	0.9913524768388738	-0.052328474580487776	-0.40321776143758514	0.0969786634566796	0.9099508644401736
0.9028343772809707	-0.10455510066392035	0.41708310697610346	0.12286126351987675	0.9922747057405434	-0.01720518159793961	-0.41206212775015105	0.06677678692986182	0.9087054878239386
0.8991956583868775	-0.12177672313479493	0.4202589649736725	0.1259344239783682	0.9918759854219029	0.017959688209023297	-0.41903184699426804	0.036775797012168945	0.9072264612315339
0.8961525872385931	-0.13999934913727247	0.42108279782806946	0.12976256500541458	0.9901260104162611	0.05302980501939134	-0.42434916885601465	0.007117986956940998	0.9054706605698997
0.8935876837784316	-0.15917287070795635	0.4197202027900077	0.13452103995637968	0.987003458402762	0.08791053924326317	-0.428258264612081	-0.022094576972086083	0.9033862343759032
0.8913603186930753	-0.1793051035805371	0.41632494771434475	0.1403800227411717	0.9824799165706941	0.12258328903414756	-0.43101070923419904	-0.050822173952066306	0.9009144660622443
0.8893159360451199	-0.2003306288983118	0.41107761435208	0.14741254464162926	0.9765370147719307	0.15698726210302785	-0.432881863305071	-0.0790132767674644	0.8979811771501665
0.8872705427874894	-0.2225959719521705	0.40398269414946913	0.15592023363188093	0.9690305707459238	0.19149055774112617	-0.4340966075031856	-0.10691485505062603	0.8944994964357048
