0.9363549644179708	0.10386501724445629	0.3353377980523935	0.1234217040644821	0.7968493825904432	-0.5914373546125166	-0.328643368373133	0.5951832656065192	0.7333146778609587
0.9547124526421749	0.12116953666532398	0.2717389853412154	0.0717914516039551	0.7925140297047641	-0.6056133256441066	-0.288738844367293	0.5976951196935005	0.7479240761253857
0.9720390696969323	0.15953359750091872	0.17230518927512833	-0.017565915116077427	0.7811236314115033	-0.6241292422861153	-0.2341612384850613	0.6036513097135803	0.7620850416273908
0.972474753256411	0.2241039897095878	0.06379855856622299	-0.13528554233173565	0.7659732913687961	-0.6284765221912919	-0.1897120879514296	0.6025465282498098	0.775207717311438
0.9564555625186956	0.28776531339873973	-0.048825007235765626	-0.2566350613790495	0.7494347848330625	-0.6103162692843699	-0.13903669371075725	0.596270599381477	0.7906517375654313
0.9426008435711418	0.2961531763814393	-0.15426258722761316	-0.32920856673608667	0.7468447459799006	-0.577792908393474	-0.055905002339187916	0.5954126481033145	0.801472650308202
0.93332002796302	0.2649253656623536	-0.24233917560265802	-0.3562488790722932	0.767374759852384	-0.5331254206106009	0.04472651968175523	0.5839096921358329	0.8105855968785733
0.9115510149249914	0.24333147023356247	-0.3314582066915716	-0.3844216440660776	0.7904016911422492	-0.4769540504210093	0.14592719678919916	0.5621876574894236	0.8140333475993472
0.8951923513689812	0.18767358055930441	-0.40423913864261934	-0.37348448197184375	0.810814621534004	-0.450653959522043	0.24318716203101787	0.5543990229669618	0.7959282175903666
0.9006050501505696	0.036311956869155955	-0.43311890449577767	-0.2698752703732842	0.8278529676758641	-0.4917588863978058	0.34070204297044754	0.5597686180008632	0.7553682626488671
0.8915412286928941	-0.1505525148729	-0.42718635021054824	-0.1353605077157095	0.8114802120821163	-0.5684869377128289	0.4322404082125004	0.5646537041980768	0.7030892004885883
0.8734618302994211	-0.2613148681218829	-0.4108271786389371	-0.045549620153327586	0.7962174990567146	-0.6032933998476683	0.4847573239404163	0.5456667791741717	0.6835628010591367
0.8629999503254782	-0.32487128573362445	-0.3868975748748039	0.021696560139077607	0.788950923199036	-0.6140730413082136	0.5047378973451014	0.5215506576442691	0.6879131969183875
0.8450846899702508	-0.4159732531331507	-0.33585431284369577	0.11171504785516317	0.7517227785615749	-0.6499481612208649	0.5228303882337042	0.511741259690372	0.6817398831445218
0.8129757172189067	-0.5213918247465872	-0.25927022254750004	0.20901652412427799	0.6768762326051699	-0.7057978877676223	0.5434911000701029	0.5196047832936653	0.6592634475859649
0.7951048814557068	-0.5710855160195987	-0.20413123444964126	0.2761997730042451	0.640635297228791	-0.7164496502455581	0.5399276922678709	0.5132716136094096	0.6671059419500648
0.7968083072263112	-0.576143072757493	-0.1820870155961027	0.31580885228104555	0.6540161952556948	-0.6874064192049673	0.5151323037396024	0.4902264538525238	0.7030766199975007
0.7901176367362859	-0.5938065073717297	-0.15201299918511907	0.3516421981437482	0.6422482039148296	-0.6810763606621577	0.5020576506765931	0.48467625934345515	0.7162590585995662
0.7751944722471812	-0.6209215790116174	-0.11631819683580989	0.38471746133182666	0.6100653483953505	-0.6926851706465597	0.5010648711931512	0.49221607389944	0.7117986593491252
0.772508529302992	-0.6285326256584639	-0.09042848354919104	0.4090736929117706	0.6015023270029749	-0.68618777632477	0.48568434803033905	0.49309399620445854	0.7217818402990347
0.7782730103554807	-0.6244594616914549	-0.06589007555191222	0.4308510254234795	0.6073979126536483	-0.6674092969052255	0.4567915446281322	0.49103783602489226	0.7417704013697474
0.7801903815261135	-0.6250022185137861	-0.02598452283538925	0.4537746474776661	0.5940616996117867	-0.664213268732925	0.43057117632356406	0.5064216858579434	0.7470913854490234
0.7856899048399411	-0.6179386232441899	0.029038445820648726	0.4738063650894727	0.5709222740873393	-0.6704888405869569	0.3977422555290107	0.5405549138191379	0.7413511201264072
0.8007600518076615	-0.5943902208501918	0.07405136586621312	0.48684533951177256	0.573830228339555	-0.658559400843568	0.3489483555265133	0.5633996222943648	0.7488764322462745
0.828740216344733	-0.5542122966030779	0.07770704026551592	0.46903328582745607	0.6121002200931346	-0.6366640380513382	0.30528254224371304	0.5640762810612391	0.7672160833463664
0.8589914555486962	-0.5073570091053176	0.06872077274041508	0.4320456781722711	0.6462857825452413	-0.6290081233597448	0.2747184217830955	0.5700031162998962	0.7743553681233263
0.8857496944460308	-0.4584700052729337	0.07247574114004404	0.397013964767239	0.6674238732101654	-0.6300200673382869	0.24047326372917308	0.5868139634792087	0.7731894862821547
0.9049629507648783	-0.4126815084974396	0.10361481692886389	0.38336352620657876	0.6851721143962751	-0.6193315593671896	0.1845926989817907	0.6001942570518434	0.7782624167236922
0.9243618772614222	-0.36083848801699875	0.12389796379015916	0.3583573723329348	0.7097657942163046	-0.606475482649656	0.13090115950737607	0.6050025643963052	0.785389574360087
0.9492705201981632	-0.29588380867649994	0.10648122485112836	0.29643316905886546	0.7289840233048714	-0.6170167502166851	0.10494215437290323	0.6172803783770627	0.779712818097949
0.9729419691393562	-0.22343015395362784	0.0588463337132354	0.20732434428256663	0.731826787361054	-0.6491888550865623	0.10198304248763651	0.6438233605617739	0.7583475057253822
0.9832227191702461	-0.1706065329528251	0.06454839596213104	0.16946156641758753	0.7233885073232831	-0.6693219292536955	0.06749712597411085	0.6690309995705784	0.7401632655021646
0.9804091407356059	-0.14268155504427935	0.13579355880238825	0.19696527078911807	0.7158027587296308	-0.6699485746667556	-0.0016120995753128712	0.6835703215070082	0.729882878748203
0.9789041763485246	-0.105877130369569	0.17474737992920075	0.1981128565951551	0.7010589734894361	-0.6850311027549373	-0.04997909141953978	0.7051995100357364	0.7072451777610322
0.9858187490683928	-0.058341152757786105	0.15734580985880578	0.1552595307405989	0.6729158573446149	-0.7232418178233134	-0.06368572916627253	0.7374147807232059	0.6724310887157923
0.984808802144984	-0.038803144309920067	0.16925111287500105	0.15134417412733778	0.6696559976520808	-0.7270871926848319	-0.08512675358238962	0.7416570371811082	0.6653557507260783
0.9661446378797991	-0.06661890720659241	0.24925180019151613	0.2228019195767936	0.7025646972792795	-0.6758418089832641	-0.1300916727888764	0.7084947193448055	0.6936219354457567
0.9504279292229812	-0.08748243703047932	0.2983849435948849	0.2661449253494907	0.7250872019716971	-0.6351499258030088	-0.1607906404727225	0.6830778672655569	0.7124261345489159
0.9429448548563591	-0.09474263263619512	0.3191846397636995	0.2818013595138918	0.7376634406836102	-0.6135475874412195	-0.17732172589968162	0.6684882062085924	0.7222745486890546
0.9208809541145052	-0.13666069971856062	0.3651056306079017	0.3325103592912297	0.7642370320151176	-0.5526107308592018	-0.20350707435658724	0.6302901015002199	0.7492124255761281
0.8846267217723204	-0.20551725986285774	0.41856686326657483	0.40158177372040893	0.792000834834435	-0.4598551474509446	-0.23699713530320918	0.574888974950835	0.7831570879064116
0.8489081870157945	-0.2671230092801586	0.4560703760722348	0.4525861967164035	0.813051739595541	-0.3662138764198393	-0.2729846599341033	0.5172931148331444	0.8111024650356365
0.8188094514923154	-0.32260408475253566	0.47484490799400386	0.480574651954644	0.8376487163587456	-0.25960090886054094	-0.3140049140467823	0.4407621041826592	0.8409100317340427
0.811659123387361	-0.3601768349474697	0.4598718462672887	0.48215267589883404	0.8575315394992047	-0.17935566868019068	-0.32975485522681164	0.3673041060638278	0.8696835223936328
0.8335368932600555	-0.35129962462875397	0.42638576583895443	0.4480524224731164	0.8813808852129796	-0.1497222825672759	-0.3232108820729082	0.31584222155512975	0.8920641326680344
0.8646799641387718	-0.30498000702227834	0.39914377727037786	0.38308438116571686	0.9143403772557407	-0.13125559579198562	-0.32492293936232575	0.2663998307741966	0.90744488187417
0.891966981019012	-0.24733905635733644	0.37844193210067417	0.3066719531210969	0.946062551804927	-0.10448904842729	-0.332185517355469	0.20925830753547475	0.9197085096848173
0.9186104082760065	-0.17647717836930504	0.35356855533516657	0.22026862766547112	0.9715187962864448	-0.0873668136565939	-0.3280802485267258	0.15813612483219816	0.9313196639981881
0.938826134138852	-0.0835403867539181	0.3341055127334848	0.11755911658817761	0.9895999744264641	-0.0828959873706008	-0.3237056440115099	0.11710206828295308	0.93888325240093
0.9397066916195773	0.03229121270664483	0.34045353766310277	-0.006607778147366454	0.9970606904320127	-0.0763303141824649	-0.3419176377336255	0.06947846556432333	0.9371579759194731
0.9177898285218544	0.15418327896876582	0.36590893286207865	-0.1421869561670681	0.988038421367181	-0.0596904297035291	-0.37073535056394286	0.0027557918439987386	0.9287344644480159
0.8962116011316943	0.22766776448377404	0.38075209127715454	-0.2408978795682239	0.9704599473418879	-0.013255271582019964	-0.372522452499845	-0.07984284326187543	0.924582144951632
0.8852149024686712	0.26588959230790354	0.3817031584225062	-0.307306711233232	0.9502566147992788	0.050743977585811284	-0.34922365566839086	-0.162219267451654	0.9228909727530402
0.8738848699016938	0.2961998911577281	0.38547484825219125	-0.36777611117642606	0.9213687452473673	0.12577904169311394	-0.31790873879911646	-0.25168484213286063	0.9141054501728515
0.8641817551047636	0.32484234740792495	0.3842750882825468	-0.4245438188196375	0.8806462340734247	0.21029682906390681	-0.27009709373869495	-0.3448762962901397	0.8989482188708671
0.8702179206703216	0.33788235569776137	0.3585474644344227	-0.4473116969764257	0.8468812351937287	0.2875837603635058	-0.2064776411437615	-0.41064301672483816	0.8881099574505582
0.8822587434791381	0.3476783595175735	0.3173944988146155	-0.44877085094905395	0.8248112955198694	0.34393465966851505	-0.1422119295033784	-0.44587675999765247	0.883724890450033
0.9001079797487769	0.3495587252015231	0.26002754167215003	-0.43038365431824216	0.8061148638169658	0.4061388142360074	-0.0676427001845087	-0.4774803911877853	0.8760347830668076
0.92423270357914	0.34007265935110864	0.17362170370278296	-0.38106509282927736	0.7927484080040982	0.4757513600968261	0.024151701012694066	-0.5058661364124206	0.8622738238920179
0.9350814429757017	0.33951442524095093	0.10174797322691782	-0.3415480649622407	0.7864600376465339	0.5146120174515573	0.09469748847265146	-0.5159559712207229	0.8513646818130595
0.932092903615856	0.35513634280516226	0.07128111284159655	-0.33766417221439454	0.7806925687412918	0.5258345936840713	0.13109433943435564	-0.5141957712108287	0.847594822445944
0.9285355494958741	0.3703789419061276	0.025321388486682	-0.3239376934996666	0.7750120421053537	0.5426054785217398	0.1813452620073434	-0.5120310283412396	0.839605932544132
0.9245562955465463	0.37581391572663475	-0.0629250118113775	-0.2777390092490184	0.7777035867905344	0.563948733338866	0.2608767891297002	-0.5039256213364738	0.8234089318522275
0.9152104537484121	0.37938660430864696	-0.13585149914807884	-0.24130825613888082	0.7859557872771776	0.5692484747144476	0.3227385177955043	-0.4882000664857252	0.8108640725883078
0.9058044418830481	0.38850776116456553	-0.16905630003000569	-0.23459156091983197	0.7921353366809379	0.5634610970835281	0.3528244784735537	-0.4707263832591847	0.8086603486591832
0.892962369503937	0.3923593994038655	-0.220618014562166	-0.2138632688469941	0.8010748918121807	0.5590541297103374	0.396081694714604	-0.4520322105863059	0.7992409972620682
0.869906469789776	0.39547058461780876	-0.29472996203293966	-0.18102542766719323	0.8118684338005818	0.5550670596748644	0.45879464726149455	-0.429502808955004	0.7778398348914521
0.8528227481794113	0.407309764767751	-0.326790629780835	-0.17613035896343016	0.8134842271839104	0.5542756613585065	0.4916009121626288	-0.4151411418395388	0.7654974693054412
0.8503445606426807	0.4186798144137151	-0.3187810238830165	-0.1934074910088756	0.8120468570541122	0.5506118817916944	0.4893952090152286	-0.40655518069634267	0.7714954403247659
0.8430622536007726	0.4142281558776514	-0.34301759638798146	-0.19119611327528419	0.8269728011128634	0.528734368551893	0.5026828849503563	-0.38017235709312786	0.7763883667857483
0.8289763258121435	0.3948891664377318	-0.39605655842709053	-0.17406942963060268	0.8551471045825982	0.4882860464851258	0.5315054890695624	-0.3358362335337144	0.7776348367548963
0.830333413144333	0.3797776015098364	-0.40781784709293784	-0.17548278257258726	0.8727793746746013	0.45547991850705455	0.5289160765534217	-0.30663518476203455	0.7913423073672273
0.8454875461666512	0.3754817050205359	-0.37968973975071324	-0.19334855838227052	0.8780497486893687	0.43777274218255763	0.4977621362142673	-0.29671893775323716	0.8149789737962568
0.8464413435116954	0.3871529733022676	-0.36558121841436203	-0.21889138991708745	0.8788560985695124	0.42390861919444595	0.4854107656555235	-0.2787912001308326	0.8286445892632913
0.8349731974983035	0.40446751610542564	-0.3731297199031024	-0.24590823652036586	0.8808402692251998	0.40453622745400825	0.49228944602835445	-0.24602123592646427	0.8349399096954889
0.8380933486846784	0.3974726176146143	-0.37365098305382405	-0.25973070663708797	0.8930535513569006	0.3674170851207511	0.4797285679634901	-0.21088118136860157	0.8516980852533854
0.8502561996719553	0.389795771873012	-0.3537282165014942	-0.27249383836585495	0.9009158242078497	0.33778363747306295	0.45034598140990256	-0.19081387245641554	0.8722262109717515
0.850396486944152	0.39481883673170776	-0.3477698968497232	-0.2922130021594413	0.9040810074522374	0.31184786889301486	0.43753557153906014	-0.1635714465485033	0.8841985102407819
0.8380967515925937	0.40915756564717265	-0.36081009055127783	-0.31896149517776307	0.904103272947811	0.2843603988585973	0.4425577923434495	-0.1232370006075053	0.888231525063909
0.8356532520598132	0.4158897993177445	-0.35877474429689754	-0.33771194541121896	0.9041853780021117	0.26153287390641267	0.43316773223363225	-0.09738827973952519	0.896036404796674
0.84126485776751	0.42053949584407846	-0.3397351490803088	-0.34941386210616243	0.9024745605686116	0.25189208104771066	0.4125328981468835	-0.09319978520200081	0.9061624622466068
0.8318712679241943	0.43685497439584514	-0.3422687904963012	-0.37021465050618135	0.8962807844633462	0.24417589551869023	0.41343839462824544	-0.0764099911488969	0.9073203442554594
0.8070188594567405	0.4618017847029983	-0.36804846437156546	-0.4008256793000305	0.8860619183018683	0.23287990842681794	0.43365808570210135	-0.040415202341935026	0.9001706927715706
0.81403508718798	0.4450365652138826	-0.37321486097084794	-0.39373477424722386	0.895218430317631	0.20870287388563544	0.4269892321538652	-0.022943793109809638	0.9039655845121473
0.8507314387303381	0.3873574762204148	-0.35526075602571233	-0.3450915473097352	0.9214694812282574	0.1783418603141119	0.3964439974714998	-0.029123543415529862	0.9175968483423101
0.8757456060672045	0.33484942065617196	-0.34777219402966825	-0.30284028290116305	0.942033946938447	0.1444292417341977	0.37597526049771807	-0.021163844211238698	0.926387983078297
0.8860944086345071	0.3025095475834526	-0.3511761276162127	-0.2811661905977858	0.9531463411009452	0.11161373441745942	0.3684864614221167	-0.000161451963395354	0.9296331005734854
0.9075762849883672	0.24962276237522174	-0.33762962463456603	-0.2288495566889606	0.9682402284666334	0.10069131234692857	0.3520414284285027	-0.014118657267748563	0.9358779280370781
0.9393568097047081	0.15802131833202188	-0.30436498979679216	-0.13085550425862694	0.9855221480498517	0.10780970600287049	0.3169946704072673	-0.06144394726752814	0.9464349001793908
0.9549851683939912	0.0846975319862732	-0.28430556839944837	-0.05385976035438622	0.9919509495228647	0.11459685840045865	0.2917232496083702	-0.09412567033557251	0.951860233344062
0.9571025118189324	0.051095987484171886	-0.28520866384615357	-0.017234596012525295	0.9926247802880412	0.11999589267303946	0.28923649591670814	-0.1099329141846612	0.9509242892095524
0.9550121151178973	0.031233043189165952	-0.2949175426982674	0.014632157346605626	0.988265420513785	0.15204393637398023	0.29620560418301506	-0.14951908115640175	0.9433484427403912
0.9519956214690807	0.000915465458875259	-0.3061102720045401	0.06259018538878897	0.9782866339344839	0.19757968154173666	0.2996444649859178	-0.20725449039316507	0.9312672928945654
0.9501963016403465	-0.0044919025326826305	-0.31161965785336	0.0794587999711821	0.9703429306618679	0.22830001318807838	0.3013524306458268	-0.24169075225621284	0.9223731852225967
0.9529143542490517	0.019978776034003224	-0.30258070324179187	0.060356952631745106	0.965365788107464	0.25382264166276197	0.2971721247612624	-0.26013408784670417	0.9187050585498264
0.9548821369052568	-0.008556801252327573	-0.296861728371273	0.10147275619772443	0.9488278072234633	0.2990469394412076	0.2791117775531669	-0.31567795835605006	0.9068870063239792
0.9499660082211426	-0.06433443201603775	-0.30565612063487674	0.17837672608302926	0.9150350694011093	0.3617907756673828	0.2564104654968059	-0.3982108770780633	0.88072797761876
0.9558046441897615	-0.04436450777040929	-0.2906359795269203	0.16984337972854163	0.8902273894360292	0.4226682167614463	0.2399806419436149	-0.4533508415655624	0.8584184911476028
0.9698155532274624	0.026914955907471123	-0.24234970160206987	0.09420081377801481	0.8753724979888178	0.4741826614801282	0.22490886910407296	-0.48269925928399376	0.8464144526678467
0.9746411817387234	0.0591021927397475	-0.21582747200553287	0.06869534091752348	0.8388955779977961	0.5399399590250478	0.212968347402074	-0.5410740615009174	0.8135621322159302
0.9738904688403381	0.06500173377299373	-0.21751351523170606	0.08557444688429607	0.7823408274327496	0.6169439551306832	0.2102721302084404	-0.6194494364662446	0.7563517878072727
0.978231694087035	0.10716979439513863	-0.1777002753315619	0.041069587210645714	0.7393996876792588	0.672012939507984	0.20341101663861896	-0.6646824332183892	0.7189027898686481
0.9802555815794967	0.1816728949227324	-0.07806378182382058	-0.07716715728221982	0.7149627620929935	0.694890983289711	0.18205555366212936	-0.6751468048289595	0.7148654190195677
0.9685918868748498	0.2485700095089413	0.00653506334657021	-0.17876932245984825	0.6778539398639026	0.7131308193860576	0.1728331161191785	-0.6919009947844483	0.7010005188220795
0.9606587170189778	0.27454044349545537	0.04198064197663791	-0.21181506389916593	0.626471690589529	0.7501117247419156	0.17963632183064765	-0.7294934994742703	0.6599772921123418
0.9544034748240356	0.27963057130151187	0.10450239632371022	-0.25541502794323323	0.5837163311903478	0.7707388716046684	0.15452239560842002	-0.7622873397186065	0.6285227449823636
0.9399702696639323	0.26916647294140544	0.20977440738135147	-0.32887564800270663	0.5504295966979323	0.7673773955686667	0.0910862245277151	-0.7903016316086118	0.6059097546483742
0.9405195597303702	0.23681598900345108	0.24360037996051515	-0.3337348555060958	0.5097914277827109	0.7929273273002959	0.06359248371400103	-0.8270615983780063	0.558502559084112
0.960466951630163	0.19723205538763924	0.19647582842127928	-0.2676808211486112	0.4603717163503059	0.8464070302011186	0.07648668390946212	-0.8655387912232704	0.49496705756271736
0.9687774206372965	0.15503139179101944	0.19348275587939473	-0.24177670152880373	0.41792348341194496	0.8757191265529587	0.05490296769026152	-0.8951565391439444	0.44235781282423037
0.9659145954069434	0.10882265286700696	0.23487576418785364	-0.2587955867597928	0.3855689153102558	0.8856418326954343	0.005817100093337108	-0.9162391837121244	0.40058946513487437
0.9782869610381096	0.09668446466644888	0.18332140124649976	-0.20623585009717976	0.36651794572965746	0.9072658759111384	0.020527932129456937	-0.9253738216257664	0.37849953005547393
0.9913532248805869	0.1237354520236491	0.043684338513520125	-0.08719332527859365	0.37237551796619817	0.9239771629462862	0.09806175373570486	-0.9197967229404057	0.37994457611916055
0.9888682525139383	0.13423037465805118	0.06420113464098401	-0.055739577697930275	0.7342406942153323	-0.6765971492965673	-0.1379589745108557	0.6654868965481927	0.7335492566110119
0.9842580472783502	0.16848642109298143	0.05337061246686485	-0.08984224077153556	0.7370271339066776	-0.6698651921532098	-0.1521987783819538	0.6545252705530826	0.740562085220716
0.9639391115005651	0.265391810950031	0.019712331170215622	-0.19144844429962032	0.7430019077972979	-0.6413233647582391	-0.1848482688443587	0.6144227792735536	0.7670174481815949
0.9462532654318359	0.31516431755789137	-0.07263752885290392	-0.2916403684216027	0.7343650837817172	-0.6129060443731836	-0.13982365024022184	0.601148381566931	0.7868099962335007
0.934871033087686	0.30326390899314143	-0.18451870635727072	-0.3521572978798047	0.7267818689876938	-0.5897231150809233	-0.04473688683352526	0.6162946668704453	0.7862439154254177
0.9178880551121209	0.2709609773456608	-0.2899339011539928	-0.39282522398200526	0.7240469102183082	-0.5669606822406721	0.05630152472159351	0.6342997876077257	0.7710343168464153
0.8946680231678559	0.2301178500285219	-0.3829032559526927	-0.42060738318837854	0.7227158340037656	-0.5484261595581179	0.15052759723169468	0.6517112845259717	0.7433800132456894
0.8773352011573662	0.16018511903810614	-0.4523534817473082	-0.41042148224461056	0.7389435634374915	-0.5343375496504423	0.24867076973842617	0.6544487280857455	0.714044613861521
0.8715228215594135	0.045494759103063796	-0.48823989840576576	-0.3451306818455907	0.764207880589894	-0.5448588144584776	0.3483285574711263	0.6433634603693739	0.6817262455792861
0.8697394269538298	-0.09843903764724696	-0.48359392579839994	-0.24716621356701046	0.7612647136586383	-0.5994871963680111	0.4271559341422888	0.6409257301788682	0.6377711316151851
0.8671137890821471	-0.20760960892057498	-0.4527824279578976	-0.15787515131975982	0.7475874069981975	-0.6451267359933803	0.4724289506151863	0.6308813828141991	0.6154669507285317
0.8594061456488792	-0.3158930206235189	-0.4020356655102733	-0.06135962417754282	0.7169073841690675	-0.6944629572876124	0.5075983385923664	0.6214944907601473	0.5967315347901899
0.8406051325502023	-0.43746543766641793	-0.3193853502864303	0.05152440833838033	0.6515628093472408	-0.7568428772347067	0.5391922166311713	0.6197498659321031	0.570247189560373
0.8256251269390334	-0.5075341900141529	-0.24647960510675593	0.14164521643697087	0.6093074237122312	-0.7801801689800163	0.5461499633135833	0.6092236940367972	0.5749493092410235
0.8230050754455686	-0.5334363993924379	-0.19521335403620396	0.21019122108465743	0.6052612430329459	-0.7677750179975612	0.5277142184646657	0.5908506033554048	0.6102567231459071
0.8138846165760154	-0.5644654826294341	-0.13773361906532472	0.27551619061979093	0.5836407914815913	-0.7638417736842502	0.5115492738801132	0.5837312270545936	0.6305356413035405
0.7994147421719946	-0.596307439100378	-0.07316767094579638	0.3313266601648973	0.5391839302416856	-0.7742760061070628	0.501157374745756	0.5947252537455249	0.6286041348060506
0.7946404728835067	-0.6062468080865431	-0.03180136066830288	0.3713201080677568	0.5268163648258979	-0.7645821702709104	0.4802789774704134	0.5957594526623186	0.643741235562449
0.8040496389277468	-0.5934853026479752	-0.03576833349487432	0.38300382124425575	0.5630271506497101	-0.7323308682170695	0.4547661498533696	0.5751309617575033	0.6800089159528966
0.8085439292447429	-0.5876847657920783	-0.029720877130105076	0.3923928420686495	0.5761204609186957	-0.7170167864172485	0.438502647625713	0.5680773103783854	0.6964219966790969
0.808637701516059	-0.588227534848222	0.009666174693644898	0.4152476504109094	0.5590487913259542	-0.7176585802073359	0.4167426742188087	0.5843396411021358	0.6963280314058763
0.8129035614802207	-0.5790872264646403	0.062014384446366595	0.4468630794274464	0.5518918021350218	-0.7040801282388093	0.373498578280281	0.6000611826152803	0.7074075127823846
0.825091821236491	-0.5573875211324534	0.09242639133099426	0.4625559327563528	0.5724521022492813	-0.6770085669341849	0.3244464448881375	0.6013466071378448	0.7301484523596907
0.8473155889184298	-0.5210727998814901	0.102661726069064	0.4487270569644073	0.5990114077081006	-0.6631963222030279	0.2840780194310649	0.6080036765178519	0.741371167646071
0.8729790661951763	-0.4774250569349807	0.099864232814495	0.4178470553469159	0.6263927817708609	-0.6580546491616596	0.25161754375024953	0.6161959087465557	0.7463184398908406
0.8968727695642429	-0.4304092613438695	0.10181897153080191	0.38918549830844235	0.658622636672237	-0.644011545214307	0.21012825397974147	0.6172228853601707	0.7582097511026158
0.9145723657640946	-0.385793621824091	0.12132876468718297	0.372517318787843	0.6868246733580394	-0.62410152641196	0.1574427990852049	0.6159830756006792	0.7718656719855753
0.9332437454706715	-0.3336545113057733	0.13315696987081724	0.3412595320536143	0.7075686399624197	-0.618779889398711	0.11224100553015637	0.6229135468321731	0.7741967901319025
0.9558672471554241	-0.26974481021908964	0.11642827481062504	0.2809267830566418	0.7231425210136149	-0.6309873507951819	0.08601132702707123	0.6358479626938685	0.767006792643389
0.9724783109257842	-0.20738258214200228	0.10619980886540781	0.2264967970513463	0.7345619315755277	-0.6396233028943762	0.05463639541930591	0.6460737057829742	0.7613170371083521
0.9807178480755042	-0.15319517622002046	0.12134142099492813	0.19522017527098032	0.7392578787163571	-0.6445051372355074	0.00903247658836321	0.6557659847374746	0.754910185139908
0.9847740941746113	-0.10072685096306593	0.14168304393129613	0.16985642232914128	0.730988186047769	-0.6609122995164622	-0.036997016584012464	0.6749150860320555	0.7369673313046013
0.9866047429556233	-0.04803115192365797	0.15589768959916056	0.14318531980616653	0.7128705068344262	-0.6865228362389955	-0.07816038235241407	0.6996489469230369	0.7101987790048708
0.9822003310755743	-0.017024811212325158	0.18706326587070699	0.14317810935966901	0.7124774344988198	-0.6869322632764959	-0.12158346365859422	0.701488461154682	0.702233152330204
0.9726938852920772	-0.011446147148455241	0.23180938555386535	0.1658525647720526	0.7329629151282528	-0.6597410793676763	-0.1623561895153271	0.6801722949092761	0.7148469185524358
0.9666916600505897	-0.009205118609678273	0.25577822460095373	0.17692210562828445	0.7461777729826711	-0.6418078370093935	-0.1849481087459086	0.6656831054623541	0.7229524190244527
0.9634133855200896	-0.007481549563493121	0.2679154251192893	0.18173618400202582	0.7529463270331094	-0.6324901485649653	-0.19699392890417292	0.6580394023335375	0.7267582383099748
0.9517196421681344	-0.03754057091561179	0.30466445189205715	0.21969037114915638	0.7764865733928621	-0.5905969371449191	-0.21439651008284535	0.6290145521972786	0.7472448257354166
0.9244307055777582	-0.10666167893787014	0.3661299725932906	0.29404953412020923	0.8106991586361927	-0.5062625264329361	-0.24282244968020802	0.5756649723864796	0.7807990122295091
0.8984378309823763	-0.15680652115537688	0.4101477523805693	0.3431592394783507	0.8334990634077648	-0.4330370049534103	-0.27395474118971597	0.5298028182461167	0.8026566971988383
0.8783398756395993	-0.1881548897235795	0.4394505664287167	0.3685871920202071	0.8519430339560016	-0.37193621600013865	-0.3044052311312531	0.4886622600190758	0.8176470209650226
0.8557504433523453	-0.24106182555409725	0.45779949209538334	0.40143618028543143	0.8675660559855087	-0.2935611208242544	-0.3264049200917592	0.43499233873974846	0.8391909755101139
0.8377362377134034	-0.30076713945852473	0.4557818818730376	0.431155695549593	0.8765160597786104	-0.21406625877359936	-0.33511604291191127	0.3758440165442513	0.863966731426012
0.8435166776864784	-0.310159897939958	0.4384979500233054	0.4126069449689501	0.8968651007076451	-0.15933769201308567	-0.3438533458149808	0.3153313001313725	0.8844947980227477
0.8658381345593774	-0.27865227110349217	0.4155445061020587	0.3570628553428087	0.9259362367941555	-0.12307803510748087	-0.35047174219497157	0.25494116419351287	0.9012072795547521
0.8950369084681555	-0.22239450224532198	0.3865871413417971	0.28382646079942464	0.95265049469666	-0.10908517362264485	-0.34402248855247797	0.20735891667653344	0.915778798097497
0.9222475214147164	-0.1413208581874433	0.3598443056178269	0.19294448644754494	0.9748363601248867	-0.11165346446910836	-0.335010349681774	0.1724021056125064	0.9263074973174243
0.9365573330728116	-0.053551415581376716	0.34639949156540684	0.09247559615691255	0.990996249466715	-0.09682302235690717	-0.33809558705041565	0.12271381108959688	0.9330770035666407
0.9372850642653385	0.03231680728838221	0.34706243281548943	-0.010733506707810913	0.9978965188254466	-0.06393222622283254	-0.348398478956028	0.056197523813239524	0.9356603754452714
0.9282969013795316	0.12083486162438394	0.3516586400266264	-0.11592900165182471	0.9926385701269361	-0.03505903125249456	-0.3533062827988937	-0.008222244983466234	0.9354715737114948
0.9109857076334263	0.20486107483491386	0.35796226128617087	-0.21676686840334933	0.9761981465450338	-0.007021641164430842	-0.35088055695668013	-0.07119774364065715	0.933709652970477
0.8860577314238005	0.27507766773394515	0.3731406883444369	-0.3121652178270438	0.9491174509962352	0.04158053623274044	-0.34271646205442374	-0.15332429986294135	0.9268425355519869
0.8619381318118537	0.32707573417401853	0.3874069191989455	-0.39639319095709896	0.9111391540242867	0.11268487106420388	-0.3161251256884532	-0.25069285214866865	0.9149961741942013
0.8624761134000987	0.3421895935239488	0.3728823351919129	-0.4336264645552646	0.8795589534725856	0.1958165891938461	-0.2609655974483245	-0.3305787794915525	0.9069810513446881
0.8765751600763915	0.34332457890343504	0.33725987347715913	-0.4389790356648791	0.8576270970733542	0.2679051485363128	-0.19726478394225097	-0.3828890124909699	0.9024869024700068
0.8868899100014148	0.35274050216525443	0.2983293912270249	-0.4437118179987791	0.8301990495733691	0.33747497782160646	-0.128631683911476	-0.431675429251746	0.892810289856932
0.9011785804219481	0.3582956618622423	0.2439290570624586	-0.43075910058926736	0.8028959264540579	0.4120736930974923	-0.048205429654842896	-0.47642664700264026	0.8778917282772484
0.9197158086143765	0.3539129255701847	0.16990724675291557	-0.39142707595285425	0.7934602298267432	0.46605333159874557	0.03012765500004594	-0.4951429135084581	0.8682890184763099
0.9322929746832948	0.3476293211271135	0.09991828886082384	-0.35002306200028144	0.797443071914335	0.4914960865803265	0.09117930370495254	-0.49319205402006505	0.8651288530775921
0.9381856170516615	0.34492252283892405	0.02891714363182642	-0.30983064544376077	0.7996085830606909	0.5144230603691657	0.1543137035434454	-0.49158373359388885	0.857048839777873
0.9363663393445775	0.34751634608571386	-0.0495021994023505	-0.26802533628634023	0.7988839004441086	0.5384672067264661	0.22667266630767408	-0.49093472357783235	0.8411911789447908
0.9290735428946685	0.35530983502925567	-0.1028458702361493	-0.24484102976476352	0.7991359314073679	0.5490306305457	0.2772638130677673	-0.48490894430311604	0.8294504769411852
0.9227870610093318	0.35940530143996163	-0.13889517389243947	-0.2319263075753855	0.80596163465331	0.5446430310959756	0.3076917741640297	-0.4703760971433545	0.8270865126139934
0.9130413859840391	0.35447428563174715	-0.20175085701480205	-0.1998410893480211	0.8200028347386228	0.5363384099883386	0.3555544494005674	-0.4493810541694935	0.8195350521271041
0.8936294244200167	0.340495050869745	-0.29238599854295066	-0.15022979305605139	0.84083261599205	0.5200303079266659	0.4229154301856164	-0.42078929669987625	0.8025452676913241
0.8776923559376578	0.3336155637356767	-0.3440302079206556	-0.12728315712906438	0.8543909287990311	0.503800693426663	0.462012041228214	-0.3983927665247644	0.7923560294090553
0.8747921983393653	0.34345904448182774	-0.34172283284587796	-0.13968709232618226	0.8541559850620407	0.5009042517489266	0.46392469859023316	-0.3904528626432714	0.7951857871539438
0.8652937587738702	0.3524153830999965	-0.35646894504496496	-0.14595838777001424	0.857462017659264	0.493411630701265	0.4795444297107056	-0.37491637204340134	0.793394513408839
0.8472692048609587	0.35082363172883124	-0.3988203529345934	-0.1392796043720845	0.871307496923741	0.47055758160977534	0.5125778831555609	-0.34314140703954416	0.7870945867395389
0.8447067895336154	0.33611636185904675	-0.41652878772835344	-0.13776870097616814	0.8885443343509036	0.4376171282345449	0.5171945714594772	-0.31227352943140907	0.7968657465779908
0.8585565693702145	0.32176766117941985	-0.39918190015377114	-0.14676052683382737	0.900210166182658	0.4099792732137188	0.49126567654855235	-0.29340625235416856	0.8201041434627527
0.8626119523978047	0.320099943148028	-0.3917099002796306	-0.1617930913685543	0.908240087631878	0.38590534954033084	0.479294914604626	-0.2695106113218323	0.8352487145869042
0.8568837238920559	0.3247241656941017	-0.40038044400688566	-0.1804469307580391	0.9164689871403846	0.35710432759892824	0.4828966648351225	-0.23374946379435493	0.8439028375748991
0.8602482402827853	0.32786927107070485	-0.39048009703176595	-0.20037146089914049	0.9216065552927968	0.33240432442808165	0.4688541806868279	-0.20770916765735198	0.8585060622520806
0.8693429077628505	0.33890792700678446	-0.35970032768180055	-0.2251237727651202	0.9194955935422648	0.3222532240216628	0.43995703842355877	-0.199171459974369	0.8756532041129348
0.8709035456086572	0.34550793168440946	-0.34950147837946427	-0.24641254741588958	0.9222978390066526	0.29773738871641764	0.42521508759953686	-0.17317899788028815	0.8883699476968467
0.8677776339132559	0.34330925728348494	-0.3593059030177108	-0.2625335243872421	0.9305907123275382	0.2551020868251339	0.42194564419214436	-0.12704204025906873	0.8976759957546433
0.8764678546391824	0.32914649718302985	-0.35137826224217256	-0.266978734301946	0.9395953741268361	0.21420291396239372	0.4006575285885917	-0.09393144474344835	0.9114002570076936
0.885888478367601	0.3302225575195861	-0.3258138523770273	-0.2762710945180345	0.9397625818931673	0.20129722304913925	0.3726605509432719	-0.08831394102128734	0.9237557911006276
0.8770569307408439	0.35755010866190023	-0.32082559130361504	-0.3066351647325784	0.9307791425989331	0.19906045175327888	0.3697918549520465	-0.07621094080680563	0.9259837344751071
0.8585210303246156	0.38574929608839603	-0.33784481801215793	-0.34084502808646683	0.9215262683239103	0.1860483905271467	0.38310091009954106	-0.04457372944138166	0.9226304110122265
0.8679067843539262	0.36959950380278517	-0.33186446097942424	-0.33442351348673416	0.9287782816320564	0.15978678667459462	0.3672856208723901	-0.02769675716287404	0.9296957364337244
0.8886139596822752	0.3388340111465413	-0.3091225380785611	-0.3073805932608978	0.9401743503081368	0.14693318859009588	0.34041504306414644	-0.03554861337688449	0.9396030515822176
0.8899771236004184	0.3334818881881788	-0.31101535286601506	-0.30482710274014235	0.9423366280244716	0.13813803574150085	0.3391476918732838	-0.02813378278718232	0.9403123594652518
0.884727129067667	0.3319486947562853	-0.327212425102227	-0.3102835361361458	0.9432930983167098	0.11799261786616502	0.34782471777395474	-0.0028626417275079215	0.9375552095678467
0.9134949500495753	0.2653020642694291	-0.3084506296448478	-0.24777336664693653	0.964105296052432	0.09544284626988067	0.3227000697464544	-0.010760707134422298	0.9464401049023659
0.9465278604787399	0.1707337879556317	-0.2737425487348674	-0.14979125041942007	0.9840631342534945	0.09582447026190258	0.2857404252732305	-0.04969629215051292	0.9570176006276817
0.9575554264481794	0.1218952126661515	-0.2612071254937765	-0.09816770965493066	0.9899200119898398	0.10208560448534927	0.2710179072695252	-0.07211051928191692	0.9598694530758547
0.9625756700998219	0.08982059852389539	-0.2556957946714962	-0.06532219822514905	0.9925592521548947	0.10275768283077448	0.2630229833130803	-0.08220943402386888	0.9612806661982556
0.971362655332747	0.012983916643293437	-0.23724672755069684	0.01854899796035885	0.9913145441040293	0.1301975780208242	0.23687660606227298	-0.13086975416963995	0.9626850891875274
0.9713185283101744	-0.06467836448593661	-0.22881657660401503	0.1086993391455976	0.9766395657576612	0.18536345989971972	0.21148231659093158	-0.20491917373469293	0.95565860117786
0.9676477104838552	-0.07099209649075919	-0.24211160779937627	0.12672021371281936	0.9665342210182111	0.2230551210739104	0.21817400356579988	-0.2465192119015602	0.9442607597117992
0.9651856779042733	-0.025014979483620414	-0.26036677585648654	0.09048236231799783	0.9658922744045544	0.24262121991893032	0.24541709247284	-0.25773312757003053	0.9345288040906756
0.9604778670699927	-0.03312139796705372	-0.2763787977855495	0.11348551359486803	0.9532237922337427	0.28015253010392815	0.25417180227709507	-0.30044529438190826	0.9193091536643059
0.9503921296093157	-0.08945750224675257	-0.2979129994955602	0.19082704438335515	0.9240255930964877	0.33130309753244974	0.24564168845817377	-0.37171771358714606	0.8952575619881478
0.9503601472725169	-0.08561759966319797	-0.299140798127024	0.20068068884236534	0.9033752892482392	0.3789991397106487	0.23778740841750712	-0.42021745966055574	0.8757136718097506
0.9633305354796071	-0.017953605869542175	-0.2677161695692955	0.13492379393552495	0.894848678000106	0.42548961598552265	0.23192638755134895	-0.446008420904521	0.8644574247698014
0.9670221903312299	0.013133887477290888	-0.2543532669472212	0.1161030810286756	0.8661367893896673	0.4861348955191429	0.22668956302097237	-0.4996344294236473	0.8360486104000577
0.9644257186739903	0.01681084360793484	-0.26381893165075654	0.13800932094308335	0.8191628309844057	0.5567096942450733	0.22546942252329047	-0.5733146185741329	0.7877016488723443
0.9706351571123495	0.06337555047251632	-0.23205803450815377	0.09562797606491652	0.7835182603160866	0.6139661439729234	0.22073214983597253	-0.6181283647864406	0.7544498940786146
0.97937031243832	0.126571131144875	-0.15752314076088736	0.007865658609341221	0.7550642920961198	0.6556035739805172	0.20192058470871382	-0.6433177003332748	0.7384919863538117
0.9800776293696847	0.15911741673759594	-0.11886752331840796	-0.029550233433255763	0.708641272961053	0.704949877622643	0.19640423649488445	-0.6873930418231574	0.6992254156850771
0.976319419221603	0.19200557159774645	-0.09967071849954323	-0.051954504144023306	0.6553458894148692	0.7535399755329396	0.21000266938765585	-0.7305173685152582	0.6498024724080407
0.9691302853089886	0.2463490375335891	-0.00993185799307668	-0.1498227671646163	0.620434603002394	0.7698142904859586	0.19580507791182888	-0.7445623245259841	0.6381906583149004
0.9504562793032304	0.28360248637227675	0.12728900524602338	-0.27818236287923337	0.5932256404806074	0.7554455059495031	0.13873512214282996	-0.7534274810489976	0.6427282448159388
0.9486321812786042	0.26706029179896806	0.16963426890474181	-0.29454677691310427	0.5497577479365006	0.7816704003567553	0.11549537156396611	-0.7914829240912514	0.600179639790675
0.96532158547226	0.22892800223730903	0.1254838890573456	-0.22666911219396985	0.4965029300813997	0.8379176296019687	0.1295196903892193	-0.837303296429806	0.5311759026812706
0.9714213469250823	0.19297262631409445	0.13821046353912586	-0.21319832534535674	0.4533972518867465	0.8654348075109307	0.10434098335838406	-0.8701680857598658	0.48158120988761377
0.967898501797404	0.14668375564038025	0.20409891241643843	-0.24770627844769183	0.4190920371553864	0.8735006949113101	0.04259213349826961	-0.8960165959535471	0.44197304209633054
0.97870959678287	0.10986091581393849	0.17337273240517428	-0.20255217292245173	0.3804711005600413	0.9023382729791651	0.03316839473816019	-0.9182441509833612	0.394623284634017
0.9943924951905014	0.09160762991789996	0.052835666453985526	-0.08101375075754841	0.33875238460248697	0.9373812426725441	0.06797306596737791	-0.9364052883591354	0.34427430667425685
0.9979540417601319	0.0639259774277363	-0.0010954197942716786	-0.017807729869571742	0.2943716757213004	0.955525091920628	0.061405336018211736	-0.953550620545622	0.2949077801034566
0.9988605458301293	0.03871189810218072	0.02791055229234649	-0.03697544442840479	0.25799231775934506	0.9654391645704471	0.030173274486859362	-0.965371095963872	0.25912973697407443
