10.0,0.0,0.0
9.995065603657316,0.3141075907812829,1.243449435824274
9.980267284282716,0.6279051952931337,2.4087683705085765
9.9556196460308,0.9410831331851431,3.422735529643443
9.921147013144779,1.2533323356430426,4.221639627510076
9.876883405951379,1.5643446504023086,4.755282581475767
9.822872507286887,1.873813145857246,4.990133642141358
9.759167619387474,2.1814324139654255,4.911436253643443
9.68583161128631,2.486898871648548,4.524135262330097
9.60293685676943,2.789911060392293,3.852566213878946
9.510565162951535,3.090169943749474,2.9389262614623664
9.408807689542254,3.3873792024529137,1.8406227634233907
9.297764858882514,3.681245526846779,0.6266661678215226
9.177546256839811,3.971478906347806,-0.6266661678215214
9.048270524660197,4.257792915650727,-1.8406227634233896
8.910065241883679,4.5399049973954675,-2.938926261462365
8.763066800438637,4.817536741017153,-3.852566213878947
8.607420270039437,5.090414157503713,-4.5241352623300966
8.443279255020151,5.358267949789966,-4.911436253643443
8.270805742745619,5.620833778521305,-4.990133642141358
8.090169943749475,5.877852522924732,-4.755282581475768
7.901550123756904,6.129070536529765,-4.221639627510075
7.705132427757892,6.374239897486897,-3.422735529643445
7.501110696304595,6.613118653236518,-2.4087683705085765
7.289686274214116,6.845471059286886,-1.2434494358242767
7.0710678118654755,7.071067811865475,-1.2246467991473533e-15
6.845471059286887,7.289686274214116,1.2434494358242745
6.613118653236519,7.501110696304595,2.4087683705085743
6.3742398974868975,7.705132427757892,3.422735529643443
6.129070536529766,7.901550123756903,4.221639627510074
5.877852522924732,8.090169943749475,4.755282581475767
5.620833778521305,8.270805742745619,4.990133642141358
5.3582679497899655,8.443279255020151,4.911436253643443
5.090414157503714,8.607420270039436,4.5241352623301
4.817536741017154,8.763066800438637,3.8525662138789487
4.539904997395468,8.910065241883679,2.938926261462367
4.257792915650727,9.048270524660197,1.8406227634233898
3.9714789063478055,9.177546256839811,0.6266661678215195
3.681245526846781,9.297764858882513,-0.6266661678215159
3.387379202452915,9.408807689542254,-1.8406227634233863
3.0901699437494745,9.510565162951535,-2.938926261462364
2.789911060392293,9.60293685676943,-3.8525662138789456
2.486898871648547,9.68583161128631,-4.524135262330098
2.181432413965427,9.759167619387473,-4.911436253643442
1.8738131458572473,9.822872507286887,-4.990133642141358
1.5643446504023093,9.876883405951379,-4.755282581475769
1.2533323356430426,9.921147013144779,-4.221639627510076
0.9410831331851428,9.9556196460308,-3.4227355296434423
0.6279051952931353,9.980267284282716,-2.4087683705085814
0.314107590781284,9.995065603657316,-1.243449435824278
6.123233995736766e-16,10.0,-2.4492935982947065e-15
-0.3141075907812828,9.995065603657316,1.2434494358242734
-0.627905195293134,9.980267284282716,2.408768370508577
-0.9410831331851417,9.9556196460308,3.422735529643439
-1.2533323356430415,9.921147013144779,4.221639627510073
-1.5643446504023082,9.876883405951379,4.755282581475767
-1.873813145857246,9.822872507286887,4.990133642141358
-2.1814324139654255,9.759167619387474,4.911436253643443
-2.4868988716485463,9.685831611286313,4.524135262330101
-2.7899110603922916,9.60293685676943,3.852566213878949
-3.0901699437494736,9.510565162951536,2.9389262614623677
-3.3873792024529137,9.408807689542254,1.840622763423391
-3.6812455268467796,9.297764858882514,0.6266661678215207
-3.9714789063478046,9.177546256839813,-0.6266661678215146
-4.257792915650727,9.048270524660195,-1.8406227634233936
-4.5399049973954675,8.910065241883679,-2.938926261462363
-4.81753674101715,8.763066800438637,-3.85256621387894
-5.090414157503713,8.607420270039437,-4.524135262330098
-5.358267949789965,8.443279255020151,-4.911436253643442
-5.620833778521307,8.270805742745617,-4.990133642141358
-5.87785252292473,8.090169943749475,-4.755282581475769
-6.129070536529762,7.9015501237569055,-4.221639627510081
-6.3742398974868975,7.705132427757892,-3.4227355296434436
-6.613118653236517,7.501110696304596,-2.4087683705085827
-6.845471059286887,7.289686274214114,-1.2434494358242705
-7.071067811865475,7.0710678118654755,-3.673940397442059e-15
-7.289686274214113,6.845471059286888,1.2434494358242634
-7.501110696304595,6.613118653236518,2.408768370508576
-7.705132427757891,6.374239897486898,3.422735529643438
-7.901550123756904,6.129070536529763,4.221639627510077
-8.090169943749473,5.877852522924733,4.755282581475766
-8.270805742745617,5.620833778521308,4.990133642141357
-8.443279255020151,5.358267949789966,4.911436253643443
-8.607420270039436,5.090414157503714,4.524135262330101
-8.763066800438637,4.817536741017152,3.8525662138789443
-8.910065241883679,4.539904997395468,2.938926261462369
-9.048270524660193,4.257792915650729,1.8406227634234005
-9.177546256839811,3.971478906347806,0.626666167821522
-9.297764858882513,3.6812455268467814,-0.6266661678215134
-9.408807689542254,3.3873792024529132,-1.8406227634233923
-9.510565162951535,3.090169943749475,-2.9389262614623624
-9.60293685676943,2.7899110603922956,-3.8525662138789385
-9.68583161128631,2.486898871648548,-4.524135262330097
-9.759167619387473,2.1814324139654278,-4.911436253643442
-9.822872507286887,1.8738131458572458,-4.990133642141358
-9.876883405951377,1.5643446504023097,-4.755282581475769
-9.921147013144777,1.2533323356430452,-4.221639627510082
-9.9556196460308,0.9410831331851435,-3.422735529643444
-9.980267284282716,0.6279051952931358,-2.408768370508584
-9.995065603657316,0.31410759078128236,-1.2434494358242718
-10.0,1.2246467991473533e-15,-4.898587196589413e-15
-9.995065603657316,-0.3141075907812799,1.2434494358242623
-9.980267284282716,-0.6279051952931335,2.408768370508575
-9.9556196460308,-0.941083133185141,3.422735529643437
-9.921147013144779,-1.2533323356430428,4.2216396275100765
-9.876883405951379,-1.5643446504023073,4.755282581475766
-9.822872507286887,-1.8738131458572433,4.990133642141357
-9.759167619387474,-2.181432413965425,4.911436253643443
-9.685831611286313,-2.486898871648546,4.524135262330101
-9.60293685676943,-2.789911060392293,3.852566213878945
-9.510565162951536,-3.0901699437494727,2.9389262614623703
-9.408807689542256,-3.387379202452911,1.8406227634234016
-9.297764858882514,-3.681245526846779,0.6266661678215231
-9.177546256839813,-3.971478906347804,-0.6266661678215123
-9.048270524660195,-4.257792915650727,-1.8406227634233914
-8.910065241883679,-4.539904997395467,-2.9389262614623615
-8.763066800438637,-4.81753674101715,-3.852566213878938
-8.607420270039437,-5.090414157503712,-4.5241352623300966
-8.443279255020151,-5.358267949789965,-4.9114362536434415
-8.270805742745619,-5.620833778521305,-4.990133642141358
-8.090169943749475,-5.87785252292473,-4.75528258147577
-7.9015501237569055,-6.129070536529762,-4.221639627510083
-7.705132427757892,-6.374239897486897,-3.4227355296434454
-7.501110696304597,-6.613118653236517,-2.4087683705085845
-7.289686274214116,-6.845471059286887,-1.243449435824273
-7.071067811865477,-7.071067811865475,-6.123233995736766e-15
-6.84547105928689,-7.289686274214113,1.2434494358242612
-6.613118653236519,-7.501110696304595,2.4087683705085743
-6.374239897486895,-7.705132427757894,3.4227355296434494
-6.129070536529765,-7.901550123756904,4.221639627510076
-5.877852522924733,-8.090169943749473,4.755282581475766
-5.620833778521309,-8.270805742745615,4.990133642141357
-5.358267949789971,-8.443279255020148,4.911436253643448
-5.0904141575037105,-8.607420270039437,4.524135262330095
-4.817536741017153,-8.763066800438637,3.8525662138789456
-4.539904997395469,-8.910065241883679,2.9389262614623712
-4.25779291565073,-9.048270524660193,1.8406227634234027
-3.9714789063478113,-9.17754625683981,0.6266661678215419
-3.6812455268467783,-9.297764858882514,-0.6266661678215286
-3.3873792024529137,-9.408807689542254,-1.84062276342339
-3.0901699437494754,-9.510565162951535,-2.93892626146236
-2.789911060392296,-9.60293685676943,-3.852566213878937
-2.486898871648553,-9.685831611286309,-4.524135262330089
-2.1814324139654238,-9.759167619387474,-4.911436253643445
-1.8738131458572462,-9.822872507286887,-4.990133642141358
-1.5643446504023104,-9.876883405951377,-4.75528258147577
-1.253332335643046,-9.921147013144777,-4.221639627510083
-0.9410831331851486,-9.9556196460308,-3.422735529643459
-0.627905195293132,-9.980267284282716,-2.4087683705085703
-0.314107590781283,-9.995065603657316,-1.243449435824274
-1.8369701987210296e-15,-10.0,-7.347880794884118e-15
0.3141075907812793,-9.995065603657316,1.24344943582426
0.6279051952931283,-9.980267284282716,2.4087683705085574
0.9410831331851449,-9.9556196460308,3.422735529643448
1.2533323356430424,-9.921147013144779,4.221639627510076
1.5643446504023069,-9.876883405951379,4.7552825814757655
1.8738131458572427,-9.822872507286887,4.990133642141357
2.18143241396542,-9.759167619387476,4.911436253643448
2.4868988716485494,-9.68583161128631,4.524135262330095
2.789911060392292,-9.60293685676943,3.852566213878947
3.0901699437494723,-9.510565162951536,2.9389262614623717
3.3873792024529106,-9.408807689542256,1.8406227634234038
3.6812455268467743,-9.297764858882516,0.6266661678215433
3.9714789063478073,-9.177546256839811,-0.6266661678215274
4.257792915650726,-9.048270524660197,-1.8406227634233892
4.539904997395467,-8.91006524188368,-2.938926261462359
4.8175367410171495,-8.763066800438638,-3.8525662138789363
5.090414157503709,-8.607420270039439,-4.524135262330088
5.358267949789967,-8.44327925502015,-4.911436253643445
5.620833778521305,-8.270805742745619,-4.990133642141358
5.877852522924729,-8.090169943749476,-4.75528258147577
6.1290705365297615,-7.901550123756906,-4.221639627510084
6.374239897486893,-7.705132427757896,-3.4227355296434596
6.613118653236519,-7.501110696304595,-2.408768370508571
6.845471059286886,-7.289686274214116,-1.2434494358242754
7.071067811865474,-7.071067811865477,-8.572527594031473e-15
7.289686274214112,-6.84547105928689,1.2434494358242587
7.5011106963045915,-6.613118653236523,2.4087683705085565
7.705132427757894,-6.374239897486897,3.4227355296434476
7.901550123756903,-6.129070536529765,4.221639627510074
8.090169943749473,-5.877852522924734,4.755282581475765
8.270805742745615,-5.620833778521309,4.990133642141357
8.443279255020148,-5.358267949789971,4.911436253643448
8.607420270039437,-5.090414157503712,4.524135262330096
8.763066800438637,-4.817536741017153,3.8525662138789474
8.910065241883679,-4.539904997395469,2.938926261462373
9.048270524660193,-4.25779291565073,1.840622763423405
9.17754625683981,-3.9714789063478118,0.6266661678215445
9.297764858882514,-3.6812455268467787,-0.6266661678215262
9.408807689542254,-3.387379202452914,-1.8406227634233878
9.510565162951535,-3.0901699437494763,-2.938926261462358
9.60293685676943,-2.7899110603922965,-3.852566213878936
9.685831611286309,-2.4868988716485534,-4.524135262330088
9.759167619387474,-2.181432413965424,-4.911436253643444
9.822872507286887,-1.873813145857247,-4.990133642141358
9.876883405951377,-1.5643446504023113,-4.755282581475771
9.921147013144777,-1.2533323356430466,-4.2216396275100845
9.9556196460308,-0.941083133185149,-3.422735529643461
9.980267284282716,-0.6279051952931326,-2.4087683705085725
9.995065603657316,-0.3141075907812836,-1.2434494358242765
