0.36921696363921885	0.7148130812345808	-0.5939032687710832	-0.47541541274146465	0.6943843172916289	0.5401949696427282	0.7985355465406199	0.08290162118664582	0.5962116252772235
0.398231962707649	0.6365881469536961	-0.6604292808742595	-0.4850835282037546	0.7572228280406095	0.43738719615413757	0.7785276324854709	0.14618180410789766	0.6103487573546391
0.4553308916534991	0.49343268995302236	-0.741078915900169	-0.5023559367633508	0.8296021887645512	0.2437185286262265	0.7350593798494458	0.2613128180607344	0.6256223455188644
0.5216484677281105	0.37361393396080994	-0.7670042401885787	-0.5179465340222255	0.8530695098407849	0.06327558197582933	0.6779485703291303	0.36425957740372866	0.6385144448314009
0.604086938509719	0.26433958799996754	-0.7518002081258157	-0.5219361340155646	0.8441304093748301	-0.12258272299820136	0.6022139509600417	0.46644231603144015	0.6478965373301355
0.6962902634565573	0.18200072510324064	-0.6943022433188163	-0.5075167818569614	0.8088593446667917	-0.296939853638416	0.5075495888572938	0.5591263690858665	0.6555693084973391
0.7907569761716601	0.13121575888956855	-0.597901186865253	-0.4683022312911767	0.7586952539368916	-0.452851556054911	0.3942035322058296	0.6380939870212581	0.6613921975074603
0.87648724956103	0.11448566652167635	-0.4676142999503441	-0.40248716053990136	0.7071967663353651	-0.5812717258608741	0.2641480398516889	0.6976860080622421	0.6659279594645772
0.9419252992459735	0.12806498116597154	-0.310444989071125	-0.31327994036695744	0.6680726003012184	-0.6749330927510051	0.12096449728778666	0.7329927430239096	0.6693946736195331
0.9773673168351389	0.16270848118876646	-0.1352001410197929	-0.20938115821194211	0.652750112251918	-0.7280637482672169	-0.03021023946201026	0.7398940742459867	0.672044716017697
0.9776353548120367	0.2047673028399446	0.04795273411622196	-0.1037053687201185	0.6677495502981861	-0.737126674714175	-0.18295985767427492	0.7156681422029271	0.6740510371741925
0.9439161587263755	0.23877053678537127	0.2280590188054567	-0.010935185159985672	0.7129274212460632	-0.7011525609744174	-0.3300041015211781	0.6593353644380773	0.6755547129437781
0.8842201828176495	0.25070653117585456	0.39408235627051896	0.05573658574629596	0.7810661969716994	-0.6219558094893594	-0.4637327908475954	0.5719106846125576	0.6766609694069277
0.8121491387322283	0.23127527487577784	0.5356542949399538	0.0878325744182498	0.8591551712306066	-0.5041208492204728	-0.5768008454636178	0.4564692092341393	0.6774486295606624
0.7441429923147527	0.17822541948554474	0.6438065756405817	0.08391734767229075	0.9311782581442065	-0.35477447811135043	-0.6627285158709408	0.3180294819804231	0.677973570902846
0.6958250863786903	0.09708496221926914	0.7116192516205398	0.05032530829148321	0.9817954717663069	-0.1831529824068542	-0.7164459592401055	0.1632548980277206	0.6782720882938356
0.6783681305175822	3.604359173521353e-9	0.734722178444385	-7.218887930383976e-9	0.9999999999999909	1.7594464602037965e-9	-0.7347221784443886	-6.497429472051167e-9	0.6783681305175636
0.6958250889140357	-0.09708495416639044	0.7116192502401097	-0.05032532232078383	0.9817954704934112	0.18315298537544722	-0.7164459557922584	-0.16325491047174864	0.6782720889405788
0.7441429951310052	-0.17822541094516375	0.6438065747496476	-0.08391736157200139	0.9311782554355019	0.35477448193301564	-0.662728510948672	-0.3180294946973802	0.6779735697490449
0.81214914116972	-0.23127526677641214	0.5356542947413026	-0.08783258693666542	0.8591551671309421	0.5041208540263491	-0.5768008401253528	-0.4564692210541099	0.6774486261414727
0.8842201859649045	-0.25070652244684627	0.39408235476206344	-0.05573659549255286	0.7810661926024396	0.6219558141029203	-0.46373278367514953	-0.5719106944061563	0.676660966044871
0.9439161616452793	-0.23877052759757939	0.22805901634369122	0.010935177905540506	0.712927417069573	0.7011525653341932	-0.33000409341257	-0.6593353722813086	0.6755547092498502
0.9776353569479506	-0.20476729345174505	0.04795273065933425	0.10370536381472317	0.6677495469933604	0.7371266783981117	-0.1829598490415203	-0.715668147972663	0.6740510333914659
0.9773673177418604	-0.1627084720266803	-0.13520014549124743	0.20938115524835213	0.6527501099179952	0.7280637512120217	-0.03021023066737883	-0.739894078319864	0.6720447119278977
0.9419252986390799	-0.12806497291033864	-0.3104449943181021	0.3132799389507517	0.668072598929554	0.674933094766117	0.12096450568124531	-0.7329927457165121	0.6693946691543625
0.8764872469284302	-0.11448565959949852	-0.4676143065795681	0.4024871608367136	0.7071967655902284	0.5812717265619589	0.2641480481348029	-0.69768600995347	0.665927954197584
0.7907569734125514	-0.13121575489169696	-0.5979011913917184	0.4683022311940796	0.7586952544487826	0.452851555297781	0.3942035378558656	-0.6380939872347816	0.6613921939339465
0.6962902624907947	-0.18200072306082904	-0.6943022448226902	0.5075167799123069	0.8088593463905488	0.2969398522666159	0.5075495921266678	-0.5591263672569999	0.6555693075259278
0.6040869354595741	-0.2643395865926329	-0.751800211071479	0.5219361320901172	0.8441304110218594	0.12258271985427092	0.6022139556884084	-0.4664423138482417	0.6478965345069142
0.5216484605044537	-0.37361393584402497	-0.7670042441841708	0.5179465324153317	0.8530695102286345	-0.063275589900549	0.6779485771150566	-0.3642595745638925	0.6385144392464883
0.4553308873158624	-0.49343269220327884	-0.7410789170669978	0.5023559364500935	0.8296021876286958	-0.24371853313812755	0.735059382750485	-0.26131281741751156	0.6256223423790199
0.3982319626802868	-0.6365881469690378	-0.6604292808759915	0.48508352909493796	0.7572228278597175	-0.4373871954789518	0.778527631944212	-0.14618180497815306	0.6103487578366257
0.3692169631835333	-0.714813081312439	-0.5939032689606463	0.4754154128627711	0.6943843171651707	-0.5401949696985004	0.7985355466790721	-0.08290162157437642	0.5962116250378652
0.34684607124975136	0.5141624003490808	-0.7844328071453285	-0.6760659638402421	0.7167548928792807	0.17087198737759032	0.650102003838929	0.47106204432205506	0.5962113174066316
0.4223745765283222	0.44326487513144835	-0.7906427559759284	-0.6784076100102779	0.7330781407892519	0.048575242429766526	0.6011346203494462	0.5158611150025375	0.6103478338174384
0.5527595118918894	0.3335990116010198	-0.7636547789884177	-0.6621895680233579	0.7321709306656174	-0.15947007333438734	0.505926771394907	0.593832828114994	0.6256202316412451
0.6670010152833896	0.2661865012406174	-0.6958838927351528	-0.625371945876126	0.707717877393998	-0.3287025027711508	0.4049933023175199	0.6544311671781736	0.6385141130028239
0.7756429325913664	0.22479700988295578	-0.5897833038233191	-0.5614760348628741	0.6725789287006577	-0.482060418352906	0.2883100820223489	0.7050559474365211	0.6478992264146275
0.8653861490670179	0.214636414952419	-0.4528112436538623	-0.47488017090371815	0.6397654858797673	-0.6043086515676243	0.15998636281083442	0.7379914176014453	0.6555707675462442
0.9287041398492246	0.22937018133211992	-0.29137251164553607	-0.37014778651455926	0.620747246010114	-0.6911320226333372	0.02234360681117461	0.7497080608387208	0.6613914020820963
0.9588730020366517	0.25979031717964884	-0.11433091036527648	-0.25718194407142014	0.6248101029678932	-0.7372040306949894	-0.12008336108262274	0.7362888878212117	0.6659269179588332
0.9536628370594896	0.29294961911589734	0.0686127821295888	-0.14839413514752153	0.6563348858859865	-0.7397321800644122	-0.26173722292698537	0.6952733550402195	0.6693941947056218
0.9164232983288527	0.31493905631273994	0.24694478955610022	-0.05714917715650005	0.7136947133381827	-0.698121642483235	-0.3961089620677633	0.6256622467130253	0.6720449711199757
0.8564034260980831	0.3136852377798899	0.4100911403169726	0.005213677562335193	0.7889827099280162	-0.6143932787726096	-0.5162809209468965	0.5283065918892724	0.6740520422286299
0.7875143371143929	0.28183183623944913	0.5480802723335384	0.032126374541815016	0.8693308976246567	-0.49318524561659427	-0.6154584184964151	0.4059982838843107	0.675556310447076
0.7257388873734284	0.21876260089216792	0.6522622109281453	0.023791633307845034	0.9395487782474818	-0.34158754584765394	-0.6875587433365415	0.26342174880706504	0.6766623653764987
0.6857217002830226	0.13114496179234097	0.7159516385605124	-0.012299234998540265	0.9855813478830288	-0.16875466074622375	-0.7277599044873627	0.10691307544733815	0.6774475003415158
0.6773875166350682	0.03170093714880991	0.7349429929530938	-0.06260664545652078	0.9979306177662681	0.014659129213102293	-0.7329574068468317	-0.05594222652426457	0.6779704322755379
0.7034871778955538	-0.06359708028566466	0.7078567665253268	-0.11035452987209157	0.9741336834696356	0.19719392603885225	-0.7020880772903518	-0.21683859921389886	0.678272329980888
0.7587787059255837	-0.1392692335854002	0.6362852787944079	-0.13926894812350912	0.9195930038355653	0.3673593164536582	-0.6362853412758493	-0.367359208232577	0.6783717097611087
0.8311492409043687	-0.1840594620996703	0.5247028242306991	-0.13730182399425872	0.8464728651899561	0.5144238501711709	-0.5388312801535761	-0.4996056473946837	0.6782735794790935
0.9044129189912972	-0.19367783526753976	0.3801659743950578	-0.0993715941485915	0.7709073856100092	0.6291479071635795	-0.41492476214132024	-0.6067871941117542	0.6779725236497116
0.9620783825406141	-0.17185241060610273	0.21182996675846247	-0.028410485384180742	0.7092247435475979	0.7044097582090403	-0.2712895688526449	-0.6837155929981069	0.6774473837302992
0.9911254478077616	-0.12942876637223683	0.030307443693780047	0.06554106530062756	0.6741602883603857	0.7356713086406682	-0.11564910491287644	-0.7271561730695558	0.6766603169239894
0.984824593817412	-0.08179072850106153	-0.1530712126550875	0.16791501620149737	0.6720190469910222	0.7212454144154588	0.043875582577146056	-0.736003177447306	0.6755547764918856
0.9439252122965707	-0.045317494440086176	-0.32703442982132896	0.2631548280293277	0.7014605673591665	0.6623462907913245	0.19938588233810187	-0.7112660522883412	0.6740518324182706
0.8760037602515789	-0.033813373563043085	-0.4811175197323462	0.33827515763901683	0.7541153310217197	0.5629209404901537	0.3437838416060508	-0.6558709654240705	0.672046089910743
0.7932623594351457	-0.05578669110563569	-0.6063189541808006	0.3855564166804478	0.8167372005207021	0.4292861456443065	0.4712547916572787	-0.5743067041059992	0.6693957954446553
0.7094547486581033	-0.11318044265283154	-0.6956034409111104	0.40379125836404084	0.8742283069059925	0.26958762410968673	0.5776041717952237	-0.4721388088319294	0.6659266971067679
0.6367755324963781	-0.20160442139622803	-0.7442261608459362	0.39791413179133756	0.9126734451003317	0.09322835582297073	0.6604402054196357	-0.35550364257233946	0.6613893673042396
0.5834804208806985	-0.3121231807799324	-0.7497531050077308	0.3773945025813628	0.921669543052796	-0.08999245985209828	0.7191133345101343	-0.23044386177262935	0.6555697054479186
0.5525584581460246	-0.43267854659219424	-0.712368181244918	0.3535954668824953	0.8956630142710368	-0.2697369286305962	0.7547512147267333	-0.10284473825036834	0.6478993468763093
0.5420073535822797	-0.5532057303841561	-0.632606867282455	0.338352777248995	0.8327126399059581	-0.4383001910435311	0.7692499117911451	0.023517636170305185	0.6385150695154508
0.5450351025773104	-0.6577282646938818	-0.5199329445047043	0.33805955046282826	0.739897339457847	-0.5816078295587761	0.7672369108035897	0.14122838555325448	0.6256213437971848
0.553584232039623	-0.7541593306894373	-0.35325373596211	0.3675111334187567	0.6018710931832912	-0.709004057818873	0.7473152379353692	0.26266878597278215	0.6103482973067397
0.5541720018949965	-0.7957648781456093	-0.24423687482769282	0.3944628297991755	0.5094299023483477	-0.7647746403354333	0.7330023657687111	0.32747432464737253	0.5962114544976927
0.5094302860023484	0.39446206617900914	-0.7647747786435974	-0.7957639086225724	0.5541736539044927	-0.24423628528923413	0.32747608376383985	0.7330015277364361	0.5962115185894696
0.6018722710283355	0.36751047335906434	-0.7090034000895963	-0.7541580322516184	0.5535859276973354	-0.35325385071625887	0.26266981508652165	0.7473143064513674	0.6103489949328461
0.7398990619363833	0.33805876671701934	-0.581606093839707	-0.6577262020593669	0.5450372421390964	-0.5199333109216963	0.14122896753240613	0.7672357362161915	0.625622652884771
0.8327133532915286	0.3383519697690444	-0.4382994590498408	-0.5532046283658452	0.5420085554362414	-0.632606801250599	0.02351829935566055	0.7692494201410283	0.6385156374029667
0.8956632889276972	0.35359397029574774	-0.26973797848605024	-0.4326783431059605	0.5525583356331414	-0.7123683998672288	-0.10284320237297861	0.7547520055573298	0.6478986694173997
0.9216701402527712	0.3773929446110102	-0.08999287707553422	-0.3121225474467466	0.5834809908322818	-0.7497529251112036	-0.23044233105454925	0.7191136896870359	0.6555698539155843
0.9126739306907329	0.3979127885404188	0.09322933526281031	-0.20160363707313667	0.6367775969411923	-0.7442246069250408	-0.3555028407150112	0.6604390242481394	0.66139097778376
0.874228427986259	0.4037906146437346	0.26958819563611075	-0.11317996741533372	0.7094554460161364	-0.6956028069911344	-0.47213869855855367	0.5776037652610332	0.6659271279049527
0.8167372220387351	0.3855564100046004	0.4292861107010377	-0.0557859993153111	0.7932617762675086	-0.6063197808032583	-0.5743067407029528	0.471255778762741	0.6693950691227796
0.7541158103449203	0.33827471127410086	0.562920566599119	-0.03381304136597277	0.8760037528916631	-0.48111755648003485	-0.6558704314279117	0.3437842995719307	0.672046376782433
0.7014617620572055	0.2631544182124595	0.6623451883624636	-0.04531795541320237	0.9439253785072608	-0.32703388620609414	-0.7112648446878416	0.1993856363561713	0.6740531794495533
0.6720190806102236	0.16791552787617586	0.7212452639663391	-0.08179126283280463	0.9848245166515289	-0.15307142361109788	-0.7360030873712585	0.04387535641084165	0.6755548893167784
0.6741588801674331	0.06554142087774631	0.7356725674107258	-0.12942890355525066	0.9911254498648233	0.0303067905717143	-0.7271574542118406	-0.11564888576894346	0.676658977627976
0.709224723711027	-0.028410354693235763	0.7044097834522431	-0.1718520706168395	0.9620785591120724	0.211829440639283	-0.6837156990312119	-0.2712889563602828	0.6774475219935711
0.7709081747509954	-0.09937073485881288	0.6291470759335422	-0.19367758557196157	0.9044132828971087	0.3801652358728996	-0.6067862712266314	-0.4149241747270222	0.6779737091348048
0.8464727895963007	-0.13730121351069968	0.5144241374989686	-0.184060170732366	0.8311491824739251	0.5247026682064067	-0.49960551440415885	-0.5388315258422095	0.6782734822588273
0.9195926001703845	-0.1392692221478822	0.3673602230429979	-0.1392702190250543	0.7587777354648877	0.6362862203878756	-0.36735984511727776	-0.6362864385833599	0.6783703356355708
0.974133539391197	-0.11035481824506617	0.19719447640166107	-0.06359731924860215	0.7034870435929925	0.7078568785292658	-0.21683917639029066	-0.7020881665338814	0.6782720530845079
0.9979306283544006	-0.06260636563875567	0.014659603465282682	0.031700491174065384	0.6773887470828845	0.734941878099751	-0.05594229036762657	-0.7329562935857583	0.6779716305579847
0.9855813791793133	-0.012298418161311893	-0.16875453749679764	0.1311443435746136	0.6857215392043705	0.7159519060799929	0.10691354527566727	-0.7277600700656194	0.6774472483187884
0.9395485531244218	0.023792483243742547	-0.3415881058569073	0.21876285185605154	0.7257377313904935	0.6522634129583067	0.26342234333787723	-0.6875599340983356	0.6766609239886027
0.8693308632733	0.032126442338530445	-0.49318530175092046	0.2818320212071854	0.7875140392460395	0.5480806052148811	0.4059982290389266	-0.615458796096955	0.6755559993991399
0.7889832623008269	0.0052133549737636625	-0.6143925721711407	0.3136848066542542	0.856403702427697	0.41009089302547097	0.5283060229482865	-0.5162804658304047	0.6740528367409435
0.7136940884918915	-0.05714930485224564	-0.6981222708141029	0.31493896650625974	0.916423540286398	0.2469440061733377	0.6256630046819953	-0.39610838385961117	0.6720446062639185
0.6563330126957881	-0.14839450887987676	-0.7397337670946281	0.29294999843204783	0.9536627943360241	0.06861175641200479	0.695274963496002	-0.26173716670274	0.6693925460461141
0.6248097994187337	-0.2571821730689719	-0.7372042080765833	0.25979083772960776	0.958872873946114	-0.11433080180808049	0.7362889617412829	-0.12008389344891807	0.66592674022904
0.6207479572712299	-0.3701475934826209	-0.6911314871879516	0.22937057261947824	0.9287042239538245	-0.29137193555068824	0.7497073522113977	0.022343308827602357	0.661392215399322
0.6397653056075936	-0.47488066409584656	-0.604308454854577	0.21463613788179356	0.8653857487335547	-0.45281214008026094	0.7379916544623163	0.1599870643419738	0.6555703297032541
0.6725782786303123	-0.5614773328852268	-0.4820598134783525	0.2247966640891772	0.7756415283322897	-0.5897852824043276	0.7050566778132523	0.28831133203961107	0.6478978753542355
0.7077174281871886	-0.6253724348694326	-0.3287025396093015	0.26618668823724667	0.6670006842995221	-0.6958841384521207	0.6544315769012218	0.4049930923478114	0.6385138262442931
0.73217090294642	-0.6621895157822171	-0.15947041752871785	0.33359911573699735	0.5527599638687636	-0.7636544063405446	0.5938328037909071	0.5059263459555654	0.625620598773664
0.7330790913128415	-0.6784065121399265	0.048576230464105356	0.4432647767518753	0.42237462107506624	-0.790642787333725	0.5158598487681217	0.6011358280437793	0.6103477145620104
0.716754861093686	-0.6760657233352173	0.17087307227829673	0.5141627697577784	0.34684527558383293	-0.7844329168260404	0.4710616894777256	0.6501026784565815	0.5962108621704146
0.6943845738122887	0.47541498429216095	-0.5401950169725993	-0.7148129077934458	0.3692175385103266	-0.5939031201368449	-0.08290096804876021	0.7985355358197265	0.596211730452951
0.7572227058157142	0.4850837205232078	-0.43738719446329444	-0.6365882224203023	0.3982316721354093	-0.6604293833439074	-0.14618210859358324	0.7785276612886891	0.6103486476887819
0.8296023941180403	0.5023549561094548	-0.24371985094747606	-0.493432947416693	0.4553303904715846	-0.7410790524071521	-0.2613116799480393	0.73506036050468	0.6256216686924156
0.8530701796979446	0.5179453559563482	-0.0632761942076494	-0.37361360568040236	0.5216486889387071	-0.7670042496486413	-0.3642583453548377	0.6779493001484971	0.6385143727964022
0.8441310023303774	0.5219349060567005	0.12258386820570817	-0.2643389531484087	0.6040889547891996	-0.7517988112188729	-0.4664416027254584	0.6022129926705976	0.6478979415815923
0.8088595700504045	0.5075160951465858	0.296940413391356	-0.18200037391573998	0.6962910719455516	-0.6943015245723103	-0.5591261573494837	0.5075491663829708	0.6555698161687805
0.7586953987484705	0.46830219115020993	0.4528513549519536	-0.1312150944774268	0.7907565005896393	-0.5979019616597014	-0.6380939514673284	0.39420453388964816	0.6613916347835446
0.7071974122271587	0.4024866110392644	0.5812713205322589	-0.1144852494010613	0.876487336968447	-0.46761423823862647	-0.6976854218118415	0.26414858710211114	0.6659283565993953
0.6680739631097053	0.3132793607074667	0.6749320128499042	-0.12806525254598902	0.9419255072070021	-0.3104442461427859	-0.7329914535008107	0.12096437916821912	0.6693961070003444
0.6527503068472909	0.2093814841195486	0.7280634800748202	-0.16270876974935983	0.9773672460079855	-0.13520030575937014	-0.7398938391130292	-0.030210272072134434	0.6720449734235803
0.6677483648447343	0.10370557114650134	0.7371277201139342	-0.20476719771974147	0.9776354145692224	0.04795196469450573	-0.715669278357824	-0.18295942362512035	0.6740499486844835
0.7129276344881055	0.010935216816068464	0.7011523436574909	-0.2387698859024536	0.9439164600808588	0.228058452977658	-0.659335369572533	-0.3300032385017144	0.6755551295112989
0.7810671320975426	-0.05573579073805601	0.6219547063796063	-0.25070593352755327	0.8842206907134498	0.39408159689118977	-0.5719096694855054	-0.46373191797097113	0.6766624255889779
0.8591551583117263	-0.08783200442260468	0.5041209705472015	-0.2312756797042967	0.812149250180207	0.5356539511747196	-0.45646902843857745	-0.5768007753383196	0.6774488110887015
0.9311778986922213	-0.08391764235689685	0.35477535186144427	-0.17822616506771943	0.7441422631546234	0.6438072120382161	-0.31803011661225533	-0.66272929729146	0.6779725093535867
0.9817953590965197	-0.05032566124627416	0.18315348939257547	-0.09708504573260551	0.6958252696488029	0.7116190610244135	-0.16325552594521509	-0.716445756452151	0.6782721513596698
0.9999999999999133	1.6073183736420307e-7	3.8841652599446414e-7	-3.9441328769533004e-7	0.6783696689952671	0.7347207579666755	-1.4539697279369633e-7	-0.7347207579667586	0.6783696689952755
0.9817954790473199	0.05032601377200685	-0.1831527495291501	0.09708428800668525	0.6958251799533798	0.7116192521040485	0.1632552551818859	-0.7164458188032893	0.678272150670226
0.9311780934749001	0.08391807135009079	-0.35477473914213903	0.17822551309607243	0.744142106698059	0.6438075733638112	0.31802991166576616	-0.6627294186467273	0.6779724868650877
0.859155310018301	0.08783249836199053	-0.5041206259407086	0.2312752398621311	0.8121490774456172	0.5356544029791463	0.4564689657513122	-0.5768009433380975	0.6774487102875182
0.781067018884438	0.055736122017071774	-0.621954818868297	0.25070585038485377	0.8842206063904933	0.3940818389843201	0.571909860549546	-0.4637320389373091	0.6766621812021681
0.712927141866151	-0.010935388655265426	-0.701152841872261	0.238770136538204	0.9439164707253479	0.2280581465129593	0.6593358114710014	-0.3300032023607596	0.6755547158769157
0.6677480182799281	-0.10370566436116724	-0.7371280209452319	0.20476741026439405	0.9776353720599775	0.04795192374396328	0.7156695409033711	-0.18295959793501557	0.6740496226143949
0.6527500349046991	-0.2093812868857199	-0.7280637806085556	0.1627088762694894	0.9773672762227175	-0.1351999591423404	0.7398940556019257	-0.030210661546059864	0.6720447175701258
0.6680734673078058	-0.31327969928969235	-0.6749323464557844	0.12806539308144058	0.941925412298593	-0.3104444761322318	0.7329918808378828	0.12096424132397085	0.6693956639735943
0.707196741728372	-0.4024875880647371	-0.5812714597695624	0.11448551055755148	0.8764868540765263	-0.4676150794226896	0.6976860585974072	0.2641487007065326	0.6659276443832971
0.758694665826909	-0.46830353730718427	-0.4528511907805577	0.13121556986847258	0.7907556147569994	-0.5979030288887608	0.6380947251544083	0.39420471163576787	0.6613907824080243
0.8088587812088516	-0.5075176196879925	-0.29693995650224597	0.18200111899306176	0.6962898579429069	-0.6943025467410825	0.5591270559958584	0.5075493073900406	0.6555689405556945
0.8441301104708432	-0.5219365079139542	-0.1225831893169066	0.26433993355370605	0.6040874583028005	-0.7517996689611329	0.46644266113354593	0.6022131054932465	0.6478970747324357
0.8530691810616501	-0.5179468890190474	0.06327710864399076	0.37361475246291204	0.5216468768768545	-0.7670049234436092	0.3642595078579699	0.6779495231948736	0.6385134727904657
0.8296010344682337	-0.50235654051289	0.24372121330151703	0.4934344691799841	0.4553278592647029	-0.7410795943773535	0.26131312296612685	0.7350608456320871	0.6256204959752683
0.7572216709736324	-0.48508401123134437	0.4373886636112138	0.6365893994173399	0.398230057739396	-0.6604292222959108	0.14618234352124612	0.7785283059469436	0.6103477691300858
0.6943832515617815	-0.4754162075524852	0.540195640066532	0.7148139900312767	0.36921530523325413	-0.5939032059494707	0.08290271169291892	0.7985358401336154	0.5962110804203857
0.7167556071631728	0.6760650055037678	-0.17087278289228153	-0.5141624252386505	0.34684623153424077	-0.7844327199595903	-0.4710609303188601	0.6501029149324654	0.5962112041243768
0.7330789842119323	0.678406681996047	-0.04857547457241898	-0.4432645688491326	0.42237511206894796	-0.7906426415946284	-0.5158601796124727	0.601135291367802	0.6103479635112564
0.732171739185621	0.6621884764488792	0.1594708938841236	-0.3335985780527424	0.552761071122069	-0.7636538397554119	-0.593832074798153	0.5059264965489647	0.6256211689438098
0.7077180890600254	0.625371462206017	0.3287029672447907	-0.26618624155704423	0.6670016012260711	-0.6958834304447776	-0.654431043902229	0.40499308416337426	0.6385143777213467
0.6725789684054554	0.5614763044874719	0.4820600489127127	-0.22479640055690558	0.7756423336860367	-0.5897843237072027	-0.7050561038352166	0.2883111681728454	0.6478985728889335
0.6397659091227837	0.4748799235820869	0.6043083978425177	-0.2146360180793976	0.8653861795982273	-0.4528113734253665	-0.7379911661174153	0.15998693177574622	0.6555709117964733
0.6207482799953535	0.37014743820300355	0.6911312804920475	-0.22937045837219674	0.9287042819579289	-0.29137184060779336	-0.7497071199534958	0.02234347029454399	0.6613924732155744
0.6248098638221126	0.2571823931875974	0.7372040767012001	-0.2597906777783973	0.9588728675244573	-0.11433121911746626	-0.736288963525888	-0.12008347329980239	0.6659268140195176
0.6563333686127604	0.1483943806389027	0.739733477030911	-0.29294970697509065	0.9536628797333149	0.06861181386634382	-0.6952747503172065	-0.2617369282573967	0.6693928607012146
0.7136946975231376	0.05714918802147692	0.6981216577616316	-0.3149386378974128	0.9164235706137789	0.2469443127161721	-0.625662475370461	-0.3961083305511614	0.672045130464673
0.7889833952265132	-0.005212980054242739	0.6143924046534573	-0.3136848682254675	0.8564038058020863	0.41009063004912216	-0.5283057878759956	-0.5162802981391658	0.6740531494252416
0.8693306961175989	-0.03212594492489966	0.49318562879549466	-0.28183247035979636	0.7875141927464373	0.5480801536945408	-0.4059982751670502	-0.6154586256488832	0.6755561269619181
0.9395483388676609	-0.023792073058967172	0.3415887237462928	-0.2187635231468388	0.7257378303545412	0.6522630777015329	-0.2634225500435561	-0.6875598438331442	0.6766609352376636
0.9855812458185174	0.01229873013308776	0.16875529362938554	-0.13114510409264044	0.6857215372526961	0.7159517686411005	-0.10691384177624984	-0.7277600666324713	0.6774472052136197
0.9979306230971967	0.0626066329022722	-0.014658819920202201	-0.031701242420028974	0.6773886439305481	0.7349419407701125	0.055941958437646606	-0.7329563660891107	0.6779715795633238
0.974133656946868	0.1103551021412939	-0.19719373680401278	0.06359663934987274	0.7034868595929503	0.7078571224784508	0.21683884768820313	-0.7020883062773899	0.6782720135180492
0.9195927945760556	0.13926956405828256	-0.36735960677628365	0.1392696690884724	0.7587775125596149	0.6362866065743086	0.367359566958311	-0.6362866295631896	0.6783703071356604
0.8464729642727497	0.1373015917315842	-0.5144237491244875	0.18405981779572697	0.8311489851874788	0.5247031045218353	0.49960534847850036	-0.5388317337813597	0.6782734392867393
0.7709081537271752	0.09937092302739743	-0.629147071974158	0.19367753212492045	0.9044132144296084	0.3801654259860013	0.6067863149964536	-0.414924278901345	0.6779736062054522
0.709224435125497	0.028410077737092008	-0.7044100851804288	0.17185227960795849	0.9620785939075688	0.21182911305687335	0.6837159458535967	-0.27128886196799024	0.6774473106874359
0.6741587086989407	-0.06554148402279049	-0.735672718916145	0.12942904075318412	0.9911254317692859	0.03030679643017031	0.7271575887626354	-0.1156490050637684	0.676658812646876
0.6720188850418249	-0.16791526002639046	-0.7212455085457693	0.08179128423607364	0.9848245772479565	-0.1530710223112615	0.7360032635594629	0.04387502135236659	0.6755547191243579
0.7014614111945761	-0.26315470102173394	-0.6623454475839126	0.04531805160160153	0.9439253143971014	-0.3270340579196441	0.711265184585897	0.19938556660529944	0.6740528414193661
0.7541153726586283	-0.33827558029874805	-0.5629206307229179	0.03381331359160209	0.876003348924243	-0.4811182728784053	0.6558709206420855	0.34378447383076377	0.6720458102012151
0.8167367548133174	-0.38555760850561677	-0.42928592320326653	0.05578652003978836	0.7932610522969408	-0.6063206800782759	0.5743073545749771	0.4712560168657398	0.6693943748261785
0.8742279141678194	-0.4037920167017644	-0.26958776184717126	0.11318078210559084	0.709454446960438	-0.6956036933844322	0.47213945466547613	0.5776040122229292	0.6659263776215758
0.9126733227560883	-0.3979143304540029	-0.093228705604661	0.20160473763480916	0.6367763484854029	-0.7442253770013796	0.3555037773253303	0.660439298973788	0.6613902000169539
0.9216693962679783	-0.3773945722664786	0.08999367092668002	0.31212391214205093	0.5834794675730177	-0.7497535424323741	0.23044345825429735	0.719114071441067	0.6555690389297657
0.8956623478357347	-0.3535956328890563	0.2697389239082223	0.43267997724152907	0.5525564792998682	-0.7123688472118851	0.10284452325546983	0.7547525856766011	0.6478977839527171
0.8327122168200317	-0.3383535426462606	0.4383004039895838	0.5532064013733091	0.5420064845236335	-0.6326070251063703	-0.02351683308403462	0.7692501874637839	0.6385147669777371
0.7398978112200463	-0.3380603857396861	0.5816067438960084	0.6577280229787864	0.5450348712941877	-0.5199334927293525	-0.14122703969212597	0.7672367070642928	0.6256218974691806
0.6018712803887187	-0.36751156559573744	0.709003674882289	0.754159495994887	0.5535837116875435	-0.3532541984958775	-0.26266788239895617	0.7473154108591573	0.6103484744377161
0.5094296078221852	-0.3944628860846642	0.7647748074929394	0.7957651255494979	0.5541716766310076	-0.24423680676582527	-0.3274741816285548	0.733002581388185	0.5962112679620815
0.5541718485624663	0.7957649853238694	0.2442368735332694	-0.3944629096601895	0.5094298169218555	-0.7647746560480072	-0.7330024387157428	0.3274741970956197	0.5962114348730045
0.5535832450735714	0.7541599389758528	0.3532539840083447	-0.36751156636313653	0.6018707207383505	-0.7090041495698401	-0.7473157561319927	0.26266789290258463	0.6103480471624411
0.5450351691058677	0.6577281160628405	0.5199330627861245	-0.33805958512849976	0.7398974984017933	-0.581607607207413	-0.7672368482681712	0.1412282450474879	0.6256214522060132
0.5420073829288238	0.5532055757948976	0.6326069773248562	-0.3383529688737222	0.832712752249407	-0.4382998296777624	-0.7692498068280468	0.023517294713696287	0.6385152085458713
0.552558186971558	0.43267881814751696	0.7123682266477032	-0.35359560528036393	0.8956628785970738	-0.2697371977121966	-0.7547513484169005	-0.1028447773573522	0.6478991849302033
0.5834798963542926	0.3121235871239257	0.7497533440480901	-0.37739450736365077	0.9216694725713692	-0.08999316163908785	-0.7191137575948262	-0.23044359329550612	0.6555693357280581
0.6367756777879847	0.20160434477535857	0.7442260572872638	-0.39791395799820106	0.9126735192549263	0.0932283716526905	-0.6604401700440776	-0.3555034956487862	0.6613894816019031
0.7094553756709279	0.11318043430400539	0.6956028027706518	-0.40379099575102967	0.8742283196981143	0.269587975971135	-0.5776035852399332	-0.47213878714693475	0.6659272212407206
0.7932624570624454	0.05578713866282707	0.6063187852731355	-0.3855565716985977	0.8167372442459492	0.42928592322782944	-0.47125450049342066	-0.5743065984483914	0.6693960910726527
0.8760035500469247	0.033813897775973545	0.4811178656238033	-0.33827570403582685	0.7541153711632791	0.5629205583688901	-0.34378383959149994	-0.6558708922436423	0.6720461623603389
0.9439249768181521	0.04531793876676991	0.3270350479149618	-0.2631555643108712	0.7014605420286061	0.6623460250874406	-0.19938602536545647	-0.7112660489597585	0.6740517936228156
0.9848244485234514	0.08179109313248532	0.15307195260632697	-0.16791581079663703	0.6720189199045534	0.7212453478358484	-0.04387580284197221	-0.7360032529646349	0.6755546799116305
0.9911254279931349	0.12942909525822083	-0.0303066871516248	-0.06554181842625144	0.674160064581671	0.7356714466123049	0.1156488479097322	-0.7271563219995492	0.6766602008048535
0.9620784736064645	0.1718527567217677	-0.21182927236387017	0.0284098338025835	0.7092244715356036	0.7044100583597306	0.27128931413969876	-0.6837157881621465	0.6774472887623277
0.904413075679114	0.1936782228990064	-0.38016540415369027	0.09937107372702661	0.7709071259605994	0.6291483075154493	0.4149245452452684	-0.606787400262983	0.6779724718859295
0.8311493877552127	0.184059855232485	-0.52470245370678	0.1373014574863512	0.8464726860922858	0.5144242426945436	0.5388311470268199	-0.4996058060026198	0.6782735684089667
0.7587787300414044	0.13926940083454714	-0.6362852134286645	0.1392687852093293	0.9195929932941046	0.3673594046036429	0.6362853481757226	-0.36735917121478395	0.6783717233355848
0.7034870667513884	0.06359682270958855	-0.7078569001251589	0.11035450542743094	0.9741337723371308	0.19719350071463948	0.7020881924982197	-0.21683827552688134	0.6782723142080473
0.6773875308228153	-0.03170084436769489	-0.7349429838784656	0.06260646512159963	0.9979306296579563	0.01465908985873667	0.732957409138338	-0.05594206697007004	0.6779704429636795
0.6857216835794803	-0.1311444571601807	-0.7159517469949394	0.01229888796531374	0.9855814164248601	-0.16875428573166595	0.7277599260908514	0.10691306259830854	0.677447479161382
0.7257388541206456	-0.21876254802884143	-0.6522622656566887	-0.02379190176347229	0.9395487097513153	-0.3415877155506761	0.6875587691464282	0.2634220370139597	0.676662226953201
0.7875143336617184	-0.2818321799650884	-0.5480801005450254	-0.03212645112700855	0.8693305398545197	-0.49318587126376856	0.6154584189165873	0.40599881134350935	0.675555993069671
0.8564034411867346	-0.31368572598450395	-0.4100907353710046	-0.005213509607092166	0.7889821272406081	-0.6143940284642214	0.5162808976140157	0.528307172209962	0.6740516052576555
0.9164232807029433	-0.3149395893266527	-0.24694417519033168	0.057149632254394886	0.7136940040294698	-0.6981223303587747	0.3961089371863036	0.6256627875198685	0.6720444823030802
0.9536627228346778	-0.2929501704321513	-0.06861201585279565	0.14839485724042695	0.6563341314385135	-0.7397327045990842	0.2617372297175242	0.6952738349403481	0.6693936935968053
0.9588727419275497	-0.25979090216270795	0.11433176261129724	0.25718288060663075	0.6248093337063929	-0.7372043559531218	0.12008343229269812	0.7362893342069178	0.6659264115665868
0.9287037169344405	-0.2293708178158856	0.29137335857389407	0.37014885729841934	0.6207464862800066	-0.691132131514451	-0.022343446306043253	0.7497084951536193	0.661390915194398
0.8653856317380079	-0.2146371195915437	0.4528118983362815	0.4748812162219896	0.6397647891405361	-0.6043085677495506	-0.15998605833318563	0.7379918166683384	0.6555703926121051
0.775642669019018	-0.22479775516934933	0.5897833663879035	0.5614767356792402	0.6725783508616365	-0.48206040829260327	-0.2883094262905976	0.7050562610338766	0.6478991769472451
0.667001276502201	-0.2661868982346277	0.6958834905015747	0.6253722437093886	0.7077173842611508	-0.3287029978755939	-0.4049924122033798	0.6544315389884142	0.6385142965000223
0.5527585324781346	-0.3335992706557936	0.7636553747539155	0.662190174570402	0.7321705128886696	-0.15946947281145152	-0.5059270475819996	0.5938331976862437	0.6256196575002257
0.42237309776336546	-0.44326532023428267	0.790643296413382	0.6784077228798855	0.7330779386190835	0.048576717128361216	-0.6011355319915401	0.5158610198373565	0.610347016368276
0.3468448429053701	-0.5141629311283457	0.7844330023676055	0.6760667363957507	0.7167540235881877	0.17087257711344547	-0.6501018557804302	0.4710627876660432	0.596210891536822
0.36921601977595125	0.7148135998871076	0.593903231307291	-0.4754158889022147	0.69438370698022	-0.5401953350962173	-0.7985356994650467	-0.08290226110809497	0.5962113314782264
0.3982305415983527	0.6365889024270766	0.660429409585152	-0.48508415933866084	0.7572220324800311	-0.4373878735008043	-0.7785279661624237	-0.14618263519835692	0.6103481326828921
0.4553293569485556	0.49343364033967707	0.7410792260493959	-0.502356510126388	0.8296014929530455	-0.24371971529563566	-0.7350599386679164	-0.26131323248408755	0.6256215158498429
0.5216469615650867	0.37361458838996564	0.767004945767721	-0.5179468757136078	0.8530692055003192	-0.06327688808375659	-0.6779494681969023	-0.3642596189110879	0.6385134678315856
0.6040866015318376	0.26433964265200466	0.7518004596781899	-0.5219362592809974	0.8441303638194795	0.12258250334270808	-0.6022141804187984	-0.46644236750172857	0.6478962869950076
0.6962908196338167	0.1820008541013699	0.6943016517336316	-0.5075166736396357	0.8088592570125273	0.2969402773671999	-0.5075489340659064	-0.5591264539006581	0.6555697431067425
0.7907569670195991	0.1312162633785875	0.5979010882536742	-0.46830253344088774	0.7586951581708632	0.4528514040399903	-0.3942031916192562	-0.6380939971454922	0.6613923907364831
0.8764869485899375	0.11448615837551296	0.46761474366393807	-0.4024878227138079	0.7071966169211322	0.5812714491374505	-0.2641480295564752	-0.697686078803113	0.6659278894337817
0.9419250200749387	0.1280653587442328	0.31044568034777587	-0.31328071913214733	0.6680723800019198	0.6749329493354554	-0.12096465424630606	-0.7329928778428378	0.6693944976281127
0.9773671629327808	0.16270876238058402	0.13520091517944602	-0.20938191342076884	0.652749824749804	0.7280637888409094	0.03020998432702517	-0.7398942660500284	0.6720445163181318
0.9776353447392364	0.20476753028351438	-0.04795196824081794	-0.10370601585773985	0.6677491910474164	0.7371269091075521	0.18295954468541029	-0.7156684123231465	0.6740508353317217
0.9439162707141853	0.2387707533815557	-0.22805832852725613	-0.010935664968172172	0.7129270260746187	0.7011529552987164	0.3300037653008614	-0.6593357132918147	0.6755545367068809
0.8842203687794652	0.2507067501591431	-0.3940817997067844	0.05573629500451591	0.7810658479712541	0.6219562738264881	0.4637324712101424	-0.5719110652519283	0.6766608667477169
0.8121493408068655	0.2312754503370768	-0.5356539128004181	0.08783246100206013	0.8591549453499089	0.504121253941082	0.5768005782082225	-0.4564695454816106	0.6774486305444044
0.7441431436045504	0.1782253310987522	-0.6438064252406203	0.0839174167088092	0.9311782337140109	0.35477452590370634	0.6627283372538718	-0.3180296030435176	0.6779736887141994
0.6958252018404655	0.09708449701103289	-0.7116192021887672	0.05032547642569933	0.9817955464152405	0.1831525360503868	0.7164458352912613	-0.1632547257486794	0.6782722606848306
0.6783683398966648	4.3920182397816664e-9	-0.7347219851248933	-8.591725677429274e-9	0.9999999999999901	-1.9549387032470035e-9	0.7347219851248962	7.63869826820871e-9	0.6783683398966446
0.6958252022833241	-0.0970844886802577	-0.7116192028922832	-0.050325493122704686	0.9817955447287097	-0.18315254050330437	0.7164458336882833	0.16325474084555958	0.6782722587443458
0.7441431463959344	-0.17822532217417114	-0.6438064244848207	-0.08391743103602739	0.931178231018521	-0.3547745295897508	0.6627283323054264	0.318029615937307	0.6779736875030752
0.812149345520096	-0.23127543960852245	-0.5356539102864557	-0.08783247288193179	0.8591549425349714	-0.5041212566686459	0.5768005697628368	0.4564695562155435	0.6774486305024587
0.884220373149026	-0.2507067386821457	-0.3940817972040804	-0.055736305148728314	0.7810658450692037	-0.6219562765618861	0.46373246165931253	0.5719110742464477	0.6766608656909916
0.9439162744521169	-0.2387707415113134	-0.22805832548406957	0.010935656998568173	0.7129270236853119	-0.7011529578524321	0.33000375487328926	0.6593357201739682	0.6755545350837664
0.9776353473529023	-0.20476751862469605	-0.04795196474087588	0.10370600985566007	0.6677491896331014	-0.737126911233163	0.1829595341217364	0.7156684169785679	0.6740508332561825
0.9773671642153292	-0.16270875155134684	0.13520091894039157	0.20938190889948685	0.6527498248550984	-0.7280637900467617	0.03020997416966075	0.7398942683385646	0.672044514255136
0.9419250201112049	-0.1280653493928984	0.31044568409528567	0.31328071543336616	0.6680723816062635	-0.6749329494642586	-0.12096466354299967	0.7329928780144019	0.6693944957602646
0.8764869481036257	-0.1144861509527924	0.46761474639281925	0.4024878187019336	0.7071966198875147	-0.5812714483064194	-0.2641480372832022	0.6976860770143716	0.6659278882429632
0.7907569646825664	-0.13121625707405038	0.5979010927281607	0.46830253046135406	0.7586951610839622	-0.4528514022406331	-0.394203199846913	0.6380939949782405	0.6613923879235473
0.696290816044058	-0.1820008502511338	0.6943016563429828	0.5075166715702929	0.8088592593367967	-0.2969402745728024	-0.5075489410598394	0.5591264517915642	0.655569739490803
0.6040866024340651	-0.2643396410257587	0.751800459525046	0.5219362558795234	0.8441303660749669	-0.12258250229380918	-0.6022141824618216	0.4664423643415328	0.6478962873711798
